vG_alpha_100cm_BarticaBox_5km.asc
ncols        117
nrows        158
xllcorner    -161906
yllcorner    121774
cellsize     5000
NODATA_value -999
[rows 17 to 33 of 158, columns 38 to 75 of 117]
0.017543232068419456482 0.017958801239728927612 0.017958801239728927612 0.017958801239728927612 0.017958801239728927612 0.017958801239728927612 0.01805116608738899231 0.01805116608738899231 0.01805116608738899231 0.01805116608738899231 0.01805116608738899231 0.01805116608738899231 0.018069613724946975708 0.018069613724946975708 0.018069613724946975708 0.018069613724946975708 0.018069613724946975708 0.01803534291684627533 0.01803534291684627533 0.01803534291684627533 0.01803534291684627533 0.01803534291684627533 0.01803534291684627533 0.017490450292825698853 0.017490450292825698853 0.017490450292825698853 0.017490450292825698853 0.017490450292825698853 0.01754801534116268158 0.01754801534116268158 0.01754801534116268158 0.01754801534116268158 0.01754801534116268158 0.01754801534116268158 0.01714480668306350708 0.01714480668306350708 0.01714480668306350708 0.01714480668306350708
0.017703099176287651062 0.018043041229248046875 0.018043041229248046875 0.018043041229248046875 0.018043041229248046875 0.018043041229248046875 0.018013970926403999329 0.018013970926403999329 0.018013970926403999329 0.018013970926403999329 0.018013970926403999329 0.018013970926403999329 0.018088717013597488403 0.018088717013597488403 0.018088717013597488403 0.018088717013597488403 0.018088717013597488403 0.018121633678674697876 0.018121633678674697876 0.018121633678674697876 0.018121633678674697876 0.018121633678674697876 0.018121633678674697876 0.01736327633261680603 0.01736327633261680603 0.01736327633261680603 0.01736327633261680603 0.01736327633261680603 0.017510412260890007019 0.017510412260890007019 0.017510412260890007019 0.017510412260890007019 0.017510412260890007019 0.017510412260890007019 0.017736647278070449829 0.017736647278070449829 0.017736647278070449829 0.017736647278070449829
0.017703099176287651062 0.018043041229248046875 0.018043041229248046875 0.018043041229248046875 0.018043041229248046875 0.018043041229248046875 0.018013970926403999329 0.018013970926403999329 0.018013970926403999329 0.018013970926403999329 0.018013970926403999329 0.018013970926403999329 0.018088717013597488403 0.018088717013597488403 0.018088717013597488403 0.018088717013597488403 0.018088717013597488403 0.018121633678674697876 0.018121633678674697876 0.018121633678674697876 0.018121633678674697876 0.018121633678674697876 0.018121633678674697876 0.01736327633261680603 0.01736327633261680603 0.01736327633261680603 0.01736327633261680603 0.01736327633261680603 0.017510412260890007019 0.017510412260890007019 0.017510412260890007019 0.017510412260890007019 0.017510412260890007019 0.017510412260890007019 0.017736647278070449829 0.017736647278070449829 0.017736647278070449829 0.017736647278070449829
0.017703099176287651062 0.018043041229248046875 0.018043041229248046875 0.018043041229248046875 0.018043041229248046875 0.018043041229248046875 0.018013970926403999329 0.018013970926403999329 0.018013970926403999329 0.018013970926403999329 0.018013970926403999329 0.018013970926403999329 0.018088717013597488403 0.018088717013597488403 0.018088717013597488403 0.018088717013597488403 0.018088717013597488403 0.018121633678674697876 0.018121633678674697876 0.018121633678674697876 0.018121633678674697876 0.018121633678674697876 0.018121633678674697876 0.01736327633261680603 0.01736327633261680603 0.01736327633261680603 0.01736327633261680603 0.01736327633261680603 0.017510412260890007019 0.017510412260890007019 0.017510412260890007019 0.017510412260890007019 0.017510412260890007019 0.017510412260890007019 0.017736647278070449829 0.017736647278070449829 0.017736647278070449829 0.017736647278070449829
0.017703099176287651062 0.018043041229248046875 0.018043041229248046875 0.018043041229248046875 0.018043041229248046875 0.018043041229248046875 0.018013970926403999329 0.018013970926403999329 0.018013970926403999329 0.018013970926403999329 0.018013970926403999329 0.018013970926403999329 0.018088717013597488403 0.018088717013597488403 0.018088717013597488403 0.018088717013597488403 0.018088717013597488403 0.018121633678674697876 0.018121633678674697876 0.018121633678674697876 0.018121633678674697876 0.018121633678674697876 0.018121633678674697876 0.01736327633261680603 0.01736327633261680603 0.01736327633261680603 0.01736327633261680603 0.01736327633261680603 0.017510412260890007019 0.017510412260890007019 0.017510412260890007019 0.017510412260890007019 0.017510412260890007019 0.017510412260890007019 0.017736647278070449829 0.017736647278070449829 0.017736647278070449829 0.017736647278070449829
0.017703099176287651062 0.018043041229248046875 0.018043041229248046875 0.018043041229248046875 0.018043041229248046875 0.018043041229248046875 0.018013970926403999329 0.018013970926403999329 0.018013970926403999329 0.018013970926403999329 0.018013970926403999329 0.018013970926403999329 0.018088717013597488403 0.018088717013597488403 0.018088717013597488403 0.018088717013597488403 0.018088717013597488403 0.018121633678674697876 0.018121633678674697876 0.018121633678674697876 0.018121633678674697876 0.018121633678674697876 0.018121633678674697876 0.01736327633261680603 0.01736327633261680603 0.01736327633261680603 0.01736327633261680603 0.01736327633261680603 0.017510412260890007019 0.017510412260890007019 0.017510412260890007019 0.017510412260890007019 0.017510412260890007019 0.017510412260890007019 0.017736647278070449829 0.017736647278070449829 0.017736647278070449829 0.017736647278070449829
0.018093599006533622742 0.018334891647100448608 0.018334891647100448608 0.018334891647100448608 0.018334891647100448608 0.018334891647100448608 0.018199753016233444214 0.018199753016233444214 0.018199753016233444214 0.018199753016233444214 0.018199753016233444214 0.018199753016233444214 0.017972545698285102844 0.017972545698285102844 0.017972545698285102844 0.017972545698285102844 0.017972545698285102844 0.017874043434858322144 0.017874043434858322144 0.017874043434858322144 0.017874043434858322144 0.017874043434858322144 0.017874043434858322144 0.017400803044438362122 0.017400803044438362122 0.017400803044438362122 0.017400803044438362122 0.017400803044438362122 0.0175334196537733078 0.0175334196537733078 0.0175334196537733078 0.0175334196537733078 0.0175334196537733078 0.0175334196537733078 0.017729043960571289062 0.017729043960571289062 0.017729043960571289062 0.017729043960571289062
0.018093599006533622742 0.018334891647100448608 0.018334891647100448608 0.018334891647100448608 0.018334891647100448608 0.018334891647100448608 0.018199753016233444214 0.018199753016233444214 0.018199753016233444214 0.018199753016233444214 0.018199753016233444214 0.018199753016233444214 0.017972545698285102844 0.017972545698285102844 0.017972545698285102844 0.017972545698285102844 0.017972545698285102844 0.017874043434858322144 0.017874043434858322144 0.017874043434858322144 0.017874043434858322144 0.017874043434858322144 0.017874043434858322144 0.017400803044438362122 0.017400803044438362122 0.017400803044438362122 0.017400803044438362122 0.017400803044438362122 0.0175334196537733078 0.0175334196537733078 0.0175334196537733078 0.0175334196537733078 0.0175334196537733078 0.0175334196537733078 0.017729043960571289062 0.017729043960571289062 0.017729043960571289062 0.017729043960571289062
0.018093599006533622742 0.018334891647100448608 0.018334891647100448608 0.018334891647100448608 0.018334891647100448608 0.018334891647100448608 0.018199753016233444214 0.018199753016233444214 0.018199753016233444214 0.018199753016233444214 0.018199753016233444214 0.018199753016233444214 0.017972545698285102844 0.017972545698285102844 0.017972545698285102844 0.017972545698285102844 0.017972545698285102844 0.017874043434858322144 0.017874043434858322144 0.017874043434858322144 0.017874043434858322144 0.017874043434858322144 0.017874043434858322144 0.017400803044438362122 0.017400803044438362122 0.017400803044438362122 0.017400803044438362122 0.017400803044438362122 0.0175334196537733078 0.0175334196537733078 0.0175334196537733078 0.0175334196537733078 0.0175334196537733078 0.0175334196537733078 0.017729043960571289062 0.017729043960571289062 0.017729043960571289062 0.017729043960571289062
0.018093599006533622742 0.018334891647100448608 0.018334891647100448608 0.018334891647100448608 0.018334891647100448608 0.018334891647100448608 0.018199753016233444214 0.018199753016233444214 0.018199753016233444214 0.018199753016233444214 0.018199753016233444214 0.018199753016233444214 0.017972545698285102844 0.017972545698285102844 0.017972545698285102844 0.017972545698285102844 0.017972545698285102844 0.017874043434858322144 0.017874043434858322144 0.017874043434858322144 0.017874043434858322144 0.017874043434858322144 0.017874043434858322144 0.017400803044438362122 0.017400803044438362122 0.017400803044438362122 0.017400803044438362122 0.017400803044438362122 0.0175334196537733078 0.0175334196537733078 0.0175334196537733078 0.0175334196537733078 0.0175334196537733078 0.0175334196537733078 0.017729043960571289062 0.017729043960571289062 0.017729043960571289062 0.017729043960571289062
0.018093599006533622742 0.018334891647100448608 0.018334891647100448608 0.018334891647100448608 0.018334891647100448608 0.018334891647100448608 0.018199753016233444214 0.018199753016233444214 0.018199753016233444214 0.018199753016233444214 0.018199753016233444214 0.018199753016233444214 0.017972545698285102844 0.017972545698285102844 0.017972545698285102844 0.017972545698285102844 0.017972545698285102844 0.017874043434858322144 0.017874043434858322144 0.017874043434858322144 0.017874043434858322144 0.017874043434858322144 0.017874043434858322144 0.017400803044438362122 0.017400803044438362122 0.017400803044438362122 0.017400803044438362122 0.017400803044438362122 0.0175334196537733078 0.0175334196537733078 0.0175334196537733078 0.0175334196537733078 0.0175334196537733078 0.0175334196537733078 0.017729043960571289062 0.017729043960571289062 0.017729043960571289062 0.017729043960571289062
0.018093599006533622742 0.018334891647100448608 0.018334891647100448608 0.018334891647100448608 0.018334891647100448608 0.018334891647100448608 0.018199753016233444214 0.018199753016233444214 0.018199753016233444214 0.018199753016233444214 0.018199753016233444214 0.018199753016233444214 0.017972545698285102844 0.017972545698285102844 0.017972545698285102844 0.017972545698285102844 0.017972545698285102844 0.017874043434858322144 0.017874043434858322144 0.017874043434858322144 0.017874043434858322144 0.017874043434858322144 0.017874043434858322144 0.017400803044438362122 0.017400803044438362122 0.017400803044438362122 0.017400803044438362122 0.017400803044438362122 0.0175334196537733078 0.0175334196537733078 0.0175334196537733078 0.0175334196537733078 0.0175334196537733078 0.0175334196537733078 0.017729043960571289062 0.017729043960571289062 0.017729043960571289062 0.017729043960571289062
0.01852695271372795105 0.018444694578647613525 0.018444694578647613525 0.018444694578647613525 0.018444694578647613525 0.018444694578647613525 0.01847444288432598114 0.01847444288432598114 0.01847444288432598114 0.01847444288432598114 0.01847444288432598114 0.01847444288432598114 0.017887709662318229675 0.017887709662318229675 0.017887709662318229675 0.017887709662318229675 0.017887709662318229675 0.017719982191920280457 0.017719982191920280457 0.017719982191920280457 0.017719982191920280457 0.017719982191920280457 0.017719982191920280457 0.017419215291738510132 0.017419215291738510132 0.017419215291738510132 0.017419215291738510132 0.017419215291738510132 0.017361827194690704346 0.017361827194690704346 0.017361827194690704346 0.017361827194690704346 0.017361827194690704346 0.017361827194690704346 0.017192594707012176514 0.017192594707012176514 0.017192594707012176514 0.017192594707012176514
0.01852695271372795105 0.018444694578647613525 0.018444694578647613525 0.018444694578647613525 0.018444694578647613525 0.018444694578647613525 0.01847444288432598114 0.01847444288432598114 0.01847444288432598114 0.01847444288432598114 0.01847444288432598114 0.01847444288432598114 0.017887709662318229675 0.017887709662318229675 0.017887709662318229675 0.017887709662318229675 0.017887709662318229675 0.017719982191920280457 0.017719982191920280457 0.017719982191920280457 0.017719982191920280457 0.017719982191920280457 0.017719982191920280457 0.017419215291738510132 0.017419215291738510132 0.017419215291738510132 0.017419215291738510132 0.017419215291738510132 0.017361827194690704346 0.017361827194690704346 0.017361827194690704346 0.017361827194690704346 0.017361827194690704346 0.017361827194690704346 0.017192594707012176514 0.017192594707012176514 0.017192594707012176514 0.017192594707012176514
0.01852695271372795105 0.018444694578647613525 0.018444694578647613525 0.018444694578647613525 0.018444694578647613525 0.018444694578647613525 0.01847444288432598114 0.01847444288432598114 0.01847444288432598114 0.01847444288432598114 0.01847444288432598114 0.01847444288432598114 0.017887709662318229675 0.017887709662318229675 0.017887709662318229675 0.017887709662318229675 0.017887709662318229675 0.017719982191920280457 0.017719982191920280457 0.017719982191920280457 0.017719982191920280457 0.017719982191920280457 0.017719982191920280457 0.017419215291738510132 0.017419215291738510132 0.017419215291738510132 0.017419215291738510132 0.017419215291738510132 0.017361827194690704346 0.017361827194690704346 0.017361827194690704346 0.017361827194690704346 0.017361827194690704346 0.017361827194690704346 0.017192594707012176514 0.017192594707012176514 0.017192594707012176514 0.017192594707012176514
0.01852695271372795105 0.018444694578647613525 0.018444694578647613525 0.018444694578647613525 0.018444694578647613525 0.018444694578647613525 0.01847444288432598114 0.01847444288432598114 0.01847444288432598114 0.01847444288432598114 0.01847444288432598114 0.01847444288432598114 0.017887709662318229675 0.017887709662318229675 0.017887709662318229675 0.017887709662318229675 0.017887709662318229675 0.017719982191920280457 0.017719982191920280457 0.017719982191920280457 0.017719982191920280457 0.017719982191920280457 0.017719982191920280457 0.017419215291738510132 0.017419215291738510132 0.017419215291738510132 0.017419215291738510132 0.017419215291738510132 0.017361827194690704346 0.017361827194690704346 0.017361827194690704346 0.017361827194690704346 0.017361827194690704346 0.017361827194690704346 0.017192594707012176514 0.017192594707012176514 0.017192594707012176514 0.017192594707012176514
0.01852695271372795105 0.018444694578647613525 0.018444694578647613525 0.018444694578647613525 0.018444694578647613525 0.018444694578647613525 0.01847444288432598114 0.01847444288432598114 0.01847444288432598114 0.01847444288432598114 0.01847444288432598114 0.01847444288432598114 0.017887709662318229675 0.017887709662318229675 0.017887709662318229675 0.017887709662318229675 0.017887709662318229675 0.017719982191920280457 0.017719982191920280457 0.017719982191920280457 0.017719982191920280457 0.017719982191920280457 0.017719982191920280457 0.017419215291738510132 0.017419215291738510132 0.017419215291738510132 0.017419215291738510132 0.017419215291738510132 0.017361827194690704346 0.017361827194690704346 0.017361827194690704346 0.017361827194690704346 0.017361827194690704346 0.017361827194690704346 0.017192594707012176514 0.017192594707012176514 0.017192594707012176514 0.017192594707012176514
