vG_alpha_100cm_BarticaBox_5km.asc
ncols        117
nrows        158
xllcorner    -161906
yllcorner    121774
cellsize     5000
NODATA_value -999
[rows 136 to 152 of 158, columns 76 to 113 of 117]
0.019570419564843177795 0.019554894417524337769 0.019554894417524337769 0.019554894417524337769 0.019554894417524337769 0.019554894417524337769 0.019554894417524337769 0.01949617825448513031 0.01949617825448513031 0.01949617825448513031 0.01949617825448513031 0.01949617825448513031 0.01949617825448513031 0.019732024520635604858 0.019732024520635604858 0.019732024520635604858 0.019732024520635604858 0.019732024520635604858 0.0196239519864320755 0.0196239519864320755 0.0196239519864320755 0.0196239519864320755 0.0196239519864320755 0.0196239519864320755 0.019396571442484855652 0.019396571442484855652 0.019396571442484855652 0.019396571442484855652 0.019396571442484855652 0.019820993766188621521 0.019820993766188621521 0.019820993766188621521 0.019820993766188621521 0.019820993766188621521 0.019820993766188621521 0.020038291811943054199 0.020038291811943054199 0.020038291811943054199
0.019570419564843177795 0.019554894417524337769 0.019554894417524337769 0.019554894417524337769 0.019554894417524337769 0.019554894417524337769 0.019554894417524337769 0.01949617825448513031 0.01949617825448513031 0.01949617825448513031 0.01949617825448513031 0.01949617825448513031 0.01949617825448513031 0.019732024520635604858 0.019732024520635604858 0.019732024520635604858 0.019732024520635604858 0.019732024520635604858 0.0196239519864320755 0.0196239519864320755 0.0196239519864320755 0.0196239519864320755 0.0196239519864320755 0.0196239519864320755 0.019396571442484855652 0.019396571442484855652 0.019396571442484855652 0.019396571442484855652 0.019396571442484855652 0.019820993766188621521 0.019820993766188621521 0.019820993766188621521 0.019820993766188621521 0.019820993766188621521 0.019820993766188621521 0.020038291811943054199 0.020038291811943054199 0.020038291811943054199
0.019570419564843177795 0.019554894417524337769 0.019554894417524337769 0.019554894417524337769 0.019554894417524337769 0.019554894417524337769 0.019554894417524337769 0.01949617825448513031 0.01949617825448513031 0.01949617825448513031 0.01949617825448513031 0.01949617825448513031 0.01949617825448513031 0.019732024520635604858 0.019732024520635604858 0.019732024520635604858 0.019732024520635604858 0.019732024520635604858 0.0196239519864320755 0.0196239519864320755 0.0196239519864320755 0.0196239519864320755 0.0196239519864320755 0.0196239519864320755 0.019396571442484855652 0.019396571442484855652 0.019396571442484855652 0.019396571442484855652 0.019396571442484855652 0.019820993766188621521 0.019820993766188621521 0.019820993766188621521 0.019820993766188621521 0.019820993766188621521 0.019820993766188621521 0.020038291811943054199 0.020038291811943054199 0.020038291811943054199
0.019570419564843177795 0.019554894417524337769 0.019554894417524337769 0.019554894417524337769 0.019554894417524337769 0.019554894417524337769 0.019554894417524337769 0.01949617825448513031 0.01949617825448513031 0.01949617825448513031 0.01949617825448513031 0.01949617825448513031 0.01949617825448513031 0.019732024520635604858 0.019732024520635604858 0.019732024520635604858 0.019732024520635604858 0.019732024520635604858 0.0196239519864320755 0.0196239519864320755 0.0196239519864320755 0.0196239519864320755 0.0196239519864320755 0.0196239519864320755 0.019396571442484855652 0.019396571442484855652 0.019396571442484855652 0.019396571442484855652 0.019396571442484855652 0.019820993766188621521 0.019820993766188621521 0.019820993766188621521 0.019820993766188621521 0.019820993766188621521 0.019820993766188621521 0.020038291811943054199 0.020038291811943054199 0.020038291811943054199
0.019570419564843177795 0.019554894417524337769 0.019554894417524337769 0.019554894417524337769 0.019554894417524337769 0.019554894417524337769 0.019554894417524337769 0.01949617825448513031 0.01949617825448513031 0.01949617825448513031 0.01949617825448513031 0.01949617825448513031 0.01949617825448513031 0.019732024520635604858 0.019732024520635604858 0.019732024520635604858 0.019732024520635604858 0.019732024520635604858 0.0196239519864320755 0.0196239519864320755 0.0196239519864320755 0.0196239519864320755 0.0196239519864320755 0.0196239519864320755 0.019396571442484855652 0.019396571442484855652 0.019396571442484855652 0.019396571442484855652 0.019396571442484855652 0.019820993766188621521 0.019820993766188621521 0.019820993766188621521 0.019820993766188621521 0.019820993766188621521 0.019820993766188621521 0.020038291811943054199 0.020038291811943054199 0.020038291811943054199
0.019307147711515426636 0.019157523289322853088 0.019157523289322853088 0.019157523289322853088 0.019157523289322853088 0.019157523289322853088 0.019157523289322853088 0.019106486812233924866 0.019106486812233924866 0.019106486812233924866 0.019106486812233924866 0.019106486812233924866 0.019106486812233924866 0.019464887678623199463 0.019464887678623199463 0.019464887678623199463 0.019464887678623199463 0.019464887678623199463 0.019234430044889450073 0.019234430044889450073 0.019234430044889450073 0.019234430044889450073 0.019234430044889450073 0.019234430044889450073 0.01917936280369758606 0.01917936280369758606 0.01917936280369758606 0.01917936280369758606 0.01917936280369758606 0.019371958449482917786 0.019371958449482917786 0.019371958449482917786 0.019371958449482917786 0.019371958449482917786 0.019371958449482917786 0.019682900980114936829 0.019682900980114936829 0.019682900980114936829
0.019307147711515426636 0.019157523289322853088 0.019157523289322853088 0.019157523289322853088 0.019157523289322853088 0.019157523289322853088 0.019157523289322853088 0.019106486812233924866 0.019106486812233924866 0.019106486812233924866 0.019106486812233924866 0.019106486812233924866 0.019106486812233924866 0.019464887678623199463 0.019464887678623199463 0.019464887678623199463 0.019464887678623199463 0.019464887678623199463 0.019234430044889450073 0.019234430044889450073 0.019234430044889450073 0.019234430044889450073 0.019234430044889450073 0.019234430044889450073 0.01917936280369758606 0.01917936280369758606 0.01917936280369758606 0.01917936280369758606 0.01917936280369758606 0.019371958449482917786 0.019371958449482917786 0.019371958449482917786 0.019371958449482917786 0.019371958449482917786 0.019371958449482917786 0.019682900980114936829 0.019682900980114936829 0.019682900980114936829
0.019307147711515426636 0.019157523289322853088 0.019157523289322853088 0.019157523289322853088 0.019157523289322853088 0.019157523289322853088 0.019157523289322853088 0.019106486812233924866 0.019106486812233924866 0.019106486812233924866 0.019106486812233924866 0.019106486812233924866 0.019106486812233924866 0.019464887678623199463 0.019464887678623199463 0.019464887678623199463 0.019464887678623199463 0.019464887678623199463 0.019234430044889450073 0.019234430044889450073 0.019234430044889450073 0.019234430044889450073 0.019234430044889450073 0.019234430044889450073 0.01917936280369758606 0.01917936280369758606 0.01917936280369758606 0.01917936280369758606 0.01917936280369758606 0.019371958449482917786 0.019371958449482917786 0.019371958449482917786 0.019371958449482917786 0.019371958449482917786 0.019371958449482917786 0.019682900980114936829 0.019682900980114936829 0.019682900980114936829
0.019307147711515426636 0.019157523289322853088 0.019157523289322853088 0.019157523289322853088 0.019157523289322853088 0.019157523289322853088 0.019157523289322853088 0.019106486812233924866 0.019106486812233924866 0.019106486812233924866 0.019106486812233924866 0.019106486812233924866 0.019106486812233924866 0.019464887678623199463 0.019464887678623199463 0.019464887678623199463 0.019464887678623199463 0.019464887678623199463 0.019234430044889450073 0.019234430044889450073 0.019234430044889450073 0.019234430044889450073 0.019234430044889450073 0.019234430044889450073 0.01917936280369758606 0.01917936280369758606 0.01917936280369758606 0.01917936280369758606 0.01917936280369758606 0.019371958449482917786 0.019371958449482917786 0.019371958449482917786 0.019371958449482917786 0.019371958449482917786 0.019371958449482917786 0.019682900980114936829 0.019682900980114936829 0.019682900980114936829
0.019307147711515426636 0.019157523289322853088 0.019157523289322853088 0.019157523289322853088 0.019157523289322853088 0.019157523289322853088 0.019157523289322853088 0.019106486812233924866 0.019106486812233924866 0.019106486812233924866 0.019106486812233924866 0.019106486812233924866 0.019106486812233924866 0.019464887678623199463 0.019464887678623199463 0.019464887678623199463 0.019464887678623199463 0.019464887678623199463 0.019234430044889450073 0.019234430044889450073 0.019234430044889450073 0.019234430044889450073 0.019234430044889450073 0.019234430044889450073 0.01917936280369758606 0.01917936280369758606 0.01917936280369758606 0.01917936280369758606 0.01917936280369758606 0.019371958449482917786 0.019371958449482917786 0.019371958449482917786 0.019371958449482917786 0.019371958449482917786 0.019371958449482917786 0.019682900980114936829 0.019682900980114936829 0.019682900980114936829
0.019307147711515426636 0.019157523289322853088 0.019157523289322853088 0.019157523289322853088 0.019157523289322853088 0.019157523289322853088 0.019157523289322853088 0.019106486812233924866 0.019106486812233924866 0.019106486812233924866 0.019106486812233924866 0.019106486812233924866 0.019106486812233924866 0.019464887678623199463 0.019464887678623199463 0.019464887678623199463 0.019464887678623199463 0.019464887678623199463 0.019234430044889450073 0.019234430044889450073 0.019234430044889450073 0.019234430044889450073 0.019234430044889450073 0.019234430044889450073 0.01917936280369758606 0.01917936280369758606 0.01917936280369758606 0.01917936280369758606 0.01917936280369758606 0.019371958449482917786 0.019371958449482917786 0.019371958449482917786 0.019371958449482917786 0.019371958449482917786 0.019371958449482917786 0.019682900980114936829 0.019682900980114936829 0.019682900980114936829
0.018491230905055999756 0.017839038744568824768 0.017839038744568824768 0.017839038744568824768 0.017839038744568824768 0.017839038744568824768 0.017839038744568824768 0.018847869709134101868 0.018847869709134101868 0.018847869709134101868 0.018847869709134101868 0.018847869709134101868 0.018847869709134101868 0.019042769446969032288 0.019042769446969032288 0.019042769446969032288 0.019042769446969032288 0.019042769446969032288 0.018974052742123603821 0.018974052742123603821 0.018974052742123603821 0.018974052742123603821 0.018974052742123603821 0.018974052742123603821 0.018740763887763023376 0.018740763887763023376 0.018740763887763023376 0.018740763887763023376 0.018740763887763023376 0.019045604392886161804 0.019045604392886161804 0.019045604392886161804 0.019045604392886161804 0.019045604392886161804 0.019045604392886161804 0.019383069127798080444 0.019383069127798080444 0.019383069127798080444
0.018491230905055999756 0.017839038744568824768 0.017839038744568824768 0.017839038744568824768 0.017839038744568824768 0.017839038744568824768 0.017839038744568824768 0.018847869709134101868 0.018847869709134101868 0.018847869709134101868 0.018847869709134101868 0.018847869709134101868 0.018847869709134101868 0.019042769446969032288 0.019042769446969032288 0.019042769446969032288 0.019042769446969032288 0.019042769446969032288 0.018974052742123603821 0.018974052742123603821 0.018974052742123603821 0.018974052742123603821 0.018974052742123603821 0.018974052742123603821 0.018740763887763023376 0.018740763887763023376 0.018740763887763023376 0.018740763887763023376 0.018740763887763023376 0.019045604392886161804 0.019045604392886161804 0.019045604392886161804 0.019045604392886161804 0.019045604392886161804 0.019045604392886161804 0.019383069127798080444 0.019383069127798080444 0.019383069127798080444
0.018491230905055999756 0.017839038744568824768 0.017839038744568824768 0.017839038744568824768 0.017839038744568824768 0.017839038744568824768 0.017839038744568824768 0.018847869709134101868 0.018847869709134101868 0.018847869709134101868 0.018847869709134101868 0.018847869709134101868 0.018847869709134101868 0.019042769446969032288 0.019042769446969032288 0.019042769446969032288 0.019042769446969032288 0.019042769446969032288 0.018974052742123603821 0.018974052742123603821 0.018974052742123603821 0.018974052742123603821 0.018974052742123603821 0.018974052742123603821 0.018740763887763023376 0.018740763887763023376 0.018740763887763023376 0.018740763887763023376 0.018740763887763023376 0.019045604392886161804 0.019045604392886161804 0.019045604392886161804 0.019045604392886161804 0.019045604392886161804 0.019045604392886161804 0.019383069127798080444 0.019383069127798080444 0.019383069127798080444
0.018491230905055999756 0.017839038744568824768 0.017839038744568824768 0.017839038744568824768 0.017839038744568824768 0.017839038744568824768 0.017839038744568824768 0.018847869709134101868 0.018847869709134101868 0.018847869709134101868 0.018847869709134101868 0.018847869709134101868 0.018847869709134101868 0.019042769446969032288 0.019042769446969032288 0.019042769446969032288 0.019042769446969032288 0.019042769446969032288 0.018974052742123603821 0.018974052742123603821 0.018974052742123603821 0.018974052742123603821 0.018974052742123603821 0.018974052742123603821 0.018740763887763023376 0.018740763887763023376 0.018740763887763023376 0.018740763887763023376 0.018740763887763023376 0.019045604392886161804 0.019045604392886161804 0.019045604392886161804 0.019045604392886161804 0.019045604392886161804 0.019045604392886161804 0.019383069127798080444 0.019383069127798080444 0.019383069127798080444
0.018491230905055999756 0.017839038744568824768 0.017839038744568824768 0.017839038744568824768 0.017839038744568824768 0.017839038744568824768 0.017839038744568824768 0.018847869709134101868 0.018847869709134101868 0.018847869709134101868 0.018847869709134101868 0.018847869709134101868 0.018847869709134101868 0.019042769446969032288 0.019042769446969032288 0.019042769446969032288 0.019042769446969032288 0.019042769446969032288 0.018974052742123603821 0.018974052742123603821 0.018974052742123603821 0.018974052742123603821 0.018974052742123603821 0.018974052742123603821 0.018740763887763023376 0.018740763887763023376 0.018740763887763023376 0.018740763887763023376 0.018740763887763023376 0.019045604392886161804 0.019045604392886161804 0.019045604392886161804 0.019045604392886161804 0.019045604392886161804 0.019045604392886161804 0.019383069127798080444 0.019383069127798080444 0.019383069127798080444
0.018094863742589950562 0.017302537336945533752 0.017302537336945533752 0.017302537336945533752 0.017302537336945533752 0.017302537336945533752 0.017302537336945533752 0.017398688942193984985 0.017398688942193984985 0.017398688942193984985 0.017398688942193984985 0.017398688942193984985 0.017398688942193984985 0.018543241545557975769 0.018543241545557975769 0.018543241545557975769 0.018543241545557975769 0.018543241545557975769 0.017993204295635223389 0.017993204295635223389 0.017993204295635223389 0.017993204295635223389 0.017993204295635223389 0.017993204295635223389 0.018633777275681495667 0.018633777275681495667 0.018633777275681495667 0.018633777275681495667 0.018633777275681495667 0.019180135801434516907 0.019180135801434516907 0.019180135801434516907 0.019180135801434516907 0.019180135801434516907 0.019180135801434516907 0.019738428294658660889 0.019738428294658660889 0.019738428294658660889
