vG_alpha_100cm_BarticaBox_5km.asc
ncols        117
nrows        158
xllcorner    -161906
yllcorner    121774
cellsize     5000
NODATA_value -999
[rows 34 to 50 of 158, columns 38 to 75 of 117]
0.01852695271372795105 0.018444694578647613525 0.018444694578647613525 0.018444694578647613525 0.018444694578647613525 0.018444694578647613525 0.01847444288432598114 0.01847444288432598114 0.01847444288432598114 0.01847444288432598114 0.01847444288432598114 0.01847444288432598114 0.017887709662318229675 0.017887709662318229675 0.017887709662318229675 0.017887709662318229675 0.017887709662318229675 0.017719982191920280457 0.017719982191920280457 0.017719982191920280457 0.017719982191920280457 0.017719982191920280457 0.017719982191920280457 0.017419215291738510132 0.017419215291738510132 0.017419215291738510132 0.017419215291738510132 0.017419215291738510132 0.017361827194690704346 0.017361827194690704346 0.017361827194690704346 0.017361827194690704346 0.017361827194690704346 0.017361827194690704346 0.017192594707012176514 0.017192594707012176514 0.017192594707012176514 0.017192594707012176514
0.018263628706336021423 0.018315717577934265137 0.018315717577934265137 0.018315717577934265137 0.018315717577934265137 0.018315717577934265137 0.018642067909240722656 0.018642067909240722656 0.018642067909240722656 0.018642067909240722656 0.018642067909240722656 0.018642067909240722656 0.018187217414379119873 0.018187217414379119873 0.018187217414379119873 0.018187217414379119873 0.018187217414379119873 0.01787936873733997345 0.01787936873733997345 0.01787936873733997345 0.01787936873733997345 0.01787936873733997345 0.01787936873733997345 0.017904093489050865173 0.017904093489050865173 0.017904093489050865173 0.017904093489050865173 0.017904093489050865173 0.017829017713665962219 0.017829017713665962219 0.017829017713665962219 0.017829017713665962219 0.017829017713665962219 0.017829017713665962219 0.017408417537808418274 0.017408417537808418274 0.017408417537808418274 0.017408417537808418274
0.018263628706336021423 0.018315717577934265137 0.018315717577934265137 0.018315717577934265137 0.018315717577934265137 0.018315717577934265137 0.018642067909240722656 0.018642067909240722656 0.018642067909240722656 0.018642067909240722656 0.018642067909240722656 0.018642067909240722656 0.018187217414379119873 0.018187217414379119873 0.018187217414379119873 0.018187217414379119873 0.018187217414379119873 0.01787936873733997345 0.01787936873733997345 0.01787936873733997345 0.01787936873733997345 0.01787936873733997345 0.01787936873733997345 0.017904093489050865173 0.017904093489050865173 0.017904093489050865173 0.017904093489050865173 0.017904093489050865173 0.017829017713665962219 0.017829017713665962219 0.017829017713665962219 0.017829017713665962219 0.017829017713665962219 0.017829017713665962219 0.017408417537808418274 0.017408417537808418274 0.017408417537808418274 0.017408417537808418274
0.018263628706336021423 0.018315717577934265137 0.018315717577934265137 0.018315717577934265137 0.018315717577934265137 0.018315717577934265137 0.018642067909240722656 0.018642067909240722656 0.018642067909240722656 0.018642067909240722656 0.018642067909240722656 0.018642067909240722656 0.018187217414379119873 0.018187217414379119873 0.018187217414379119873 0.018187217414379119873 0.018187217414379119873 0.01787936873733997345 0.01787936873733997345 0.01787936873733997345 0.01787936873733997345 0.01787936873733997345 0.01787936873733997345 0.017904093489050865173 0.017904093489050865173 0.017904093489050865173 0.017904093489050865173 0.017904093489050865173 0.017829017713665962219 0.017829017713665962219 0.017829017713665962219 0.017829017713665962219 0.017829017713665962219 0.017829017713665962219 0.017408417537808418274 0.017408417537808418274 0.017408417537808418274 0.017408417537808418274
0.018263628706336021423 0.018315717577934265137 0.018315717577934265137 0.018315717577934265137 0.018315717577934265137 0.018315717577934265137 0.018642067909240722656 0.018642067909240722656 0.018642067909240722656 0.018642067909240722656 0.018642067909240722656 0.018642067909240722656 0.018187217414379119873 0.018187217414379119873 0.018187217414379119873 0.018187217414379119873 0.018187217414379119873 0.01787936873733997345 0.01787936873733997345 0.01787936873733997345 0.01787936873733997345 0.01787936873733997345 0.01787936873733997345 0.017904093489050865173 0.017904093489050865173 0.017904093489050865173 0.017904093489050865173 0.017904093489050865173 0.017829017713665962219 0.017829017713665962219 0.017829017713665962219 0.017829017713665962219 0.017829017713665962219 0.017829017713665962219 0.017408417537808418274 0.017408417537808418274 0.017408417537808418274 0.017408417537808418274
0.018263628706336021423 0.018315717577934265137 0.018315717577934265137 0.018315717577934265137 0.018315717577934265137 0.018315717577934265137 0.018642067909240722656 0.018642067909240722656 0.018642067909240722656 0.018642067909240722656 0.018642067909240722656 0.018642067909240722656 0.018187217414379119873 0.018187217414379119873 0.018187217414379119873 0.018187217414379119873 0.018187217414379119873 0.01787936873733997345 0.01787936873733997345 0.01787936873733997345 0.01787936873733997345 0.01787936873733997345 0.01787936873733997345 0.017904093489050865173 0.017904093489050865173 0.017904093489050865173 0.017904093489050865173 0.017904093489050865173 0.017829017713665962219 0.017829017713665962219 0.017829017713665962219 0.017829017713665962219 0.017829017713665962219 0.017829017713665962219 0.017408417537808418274 0.017408417537808418274 0.017408417537808418274 0.017408417537808418274
0.017663108184933662415 0.017839204519987106323 0.017839204519987106323 0.017839204519987106323 0.017839204519987106323 0.017839204519987106323 0.0183686036616563797 0.0183686036616563797 0.0183686036616563797 0.0183686036616563797 0.0183686036616563797 0.0183686036616563797 0.017655940726399421692 0.017655940726399421692 0.017655940726399421692 0.017655940726399421692 0.017655940726399421692 0.017755126580595970154 0.017755126580595970154 0.017755126580595970154 0.017755126580595970154 0.017755126580595970154 0.017755126580595970154 0.01801379770040512085 0.01801379770040512085 0.01801379770040512085 0.01801379770040512085 0.01801379770040512085 0.018078904598951339722 0.018078904598951339722 0.018078904598951339722 0.018078904598951339722 0.018078904598951339722 0.018078904598951339722 0.017596036195755004883 0.017596036195755004883 0.017596036195755004883 0.017596036195755004883
0.017663108184933662415 0.017839204519987106323 0.017839204519987106323 0.017839204519987106323 0.017839204519987106323 0.017839204519987106323 0.0183686036616563797 0.0183686036616563797 0.0183686036616563797 0.0183686036616563797 0.0183686036616563797 0.0183686036616563797 0.017655940726399421692 0.017655940726399421692 0.017655940726399421692 0.017655940726399421692 0.017655940726399421692 0.017755126580595970154 0.017755126580595970154 0.017755126580595970154 0.017755126580595970154 0.017755126580595970154 0.017755126580595970154 0.01801379770040512085 0.01801379770040512085 0.01801379770040512085 0.01801379770040512085 0.01801379770040512085 0.018078904598951339722 0.018078904598951339722 0.018078904598951339722 0.018078904598951339722 0.018078904598951339722 0.018078904598951339722 0.017596036195755004883 0.017596036195755004883 0.017596036195755004883 0.017596036195755004883
0.017663108184933662415 0.017839204519987106323 0.017839204519987106323 0.017839204519987106323 0.017839204519987106323 0.017839204519987106323 0.0183686036616563797 0.0183686036616563797 0.0183686036616563797 0.0183686036616563797 0.0183686036616563797 0.0183686036616563797 0.017655940726399421692 0.017655940726399421692 0.017655940726399421692 0.017655940726399421692 0.017655940726399421692 0.017755126580595970154 0.017755126580595970154 0.017755126580595970154 0.017755126580595970154 0.017755126580595970154 0.017755126580595970154 0.01801379770040512085 0.01801379770040512085 0.01801379770040512085 0.01801379770040512085 0.01801379770040512085 0.018078904598951339722 0.018078904598951339722 0.018078904598951339722 0.018078904598951339722 0.018078904598951339722 0.018078904598951339722 0.017596036195755004883 0.017596036195755004883 0.017596036195755004883 0.017596036195755004883
0.017663108184933662415 0.017839204519987106323 0.017839204519987106323 0.017839204519987106323 0.017839204519987106323 0.017839204519987106323 0.0183686036616563797 0.0183686036616563797 0.0183686036616563797 0.0183686036616563797 0.0183686036616563797 0.0183686036616563797 0.017655940726399421692 0.017655940726399421692 0.017655940726399421692 0.017655940726399421692 0.017655940726399421692 0.017755126580595970154 0.017755126580595970154 0.017755126580595970154 0.017755126580595970154 0.017755126580595970154 0.017755126580595970154 0.01801379770040512085 0.01801379770040512085 0.01801379770040512085 0.01801379770040512085 0.01801379770040512085 0.018078904598951339722 0.018078904598951339722 0.018078904598951339722 0.018078904598951339722 0.018078904598951339722 0.018078904598951339722 0.017596036195755004883 0.017596036195755004883 0.017596036195755004883 0.017596036195755004883
0.017663108184933662415 0.017839204519987106323 0.017839204519987106323 0.017839204519987106323 0.017839204519987106323 0.017839204519987106323 0.0183686036616563797 0.0183686036616563797 0.0183686036616563797 0.0183686036616563797 0.0183686036616563797 0.0183686036616563797 0.017655940726399421692 0.017655940726399421692 0.017655940726399421692 0.017655940726399421692 0.017655940726399421692 0.017755126580595970154 0.017755126580595970154 0.017755126580595970154 0.017755126580595970154 0.017755126580595970154 0.017755126580595970154 0.01801379770040512085 0.01801379770040512085 0.01801379770040512085 0.01801379770040512085 0.01801379770040512085 0.018078904598951339722 0.018078904598951339722 0.018078904598951339722 0.018078904598951339722 0.018078904598951339722 0.018078904598951339722 0.017596036195755004883 0.017596036195755004883 0.017596036195755004883 0.017596036195755004883
0.017663108184933662415 0.017839204519987106323 0.017839204519987106323 0.017839204519987106323 0.017839204519987106323 0.017839204519987106323 0.0183686036616563797 0.0183686036616563797 0.0183686036616563797 0.0183686036616563797 0.0183686036616563797 0.0183686036616563797 0.017655940726399421692 0.017655940726399421692 0.017655940726399421692 0.017655940726399421692 0.017655940726399421692 0.017755126580595970154 0.017755126580595970154 0.017755126580595970154 0.017755126580595970154 0.017755126580595970154 0.017755126580595970154 0.01801379770040512085 0.01801379770040512085 0.01801379770040512085 0.01801379770040512085 0.01801379770040512085 0.018078904598951339722 0.018078904598951339722 0.018078904598951339722 0.018078904598951339722 0.018078904598951339722 0.018078904598951339722 0.017596036195755004883 0.017596036195755004883 0.017596036195755004883 0.017596036195755004883
0.017558755353093147278 0.017874175682663917542 0.017874175682663917542 0.017874175682663917542 0.017874175682663917542 0.017874175682663917542 0.016895074397325515747 0.016895074397325515747 0.016895074397325515747 0.016895074397325515747 0.016895074397325515747 0.016895074397325515747 0.016751701012253761292 0.016751701012253761292 0.016751701012253761292 0.016751701012253761292 0.016751701012253761292 0.016982827335596084595 0.016982827335596084595 0.016982827335596084595 0.016982827335596084595 0.016982827335596084595 0.016982827335596084595 0.017772464081645011902 0.017772464081645011902 0.017772464081645011902 0.017772464081645011902 0.017772464081645011902 0.017927138134837150574 0.017927138134837150574 0.017927138134837150574 0.017927138134837150574 0.017927138134837150574 0.017927138134837150574 0.017652167007327079773 0.017652167007327079773 0.017652167007327079773 0.017652167007327079773
0.017558755353093147278 0.017874175682663917542 0.017874175682663917542 0.017874175682663917542 0.017874175682663917542 0.017874175682663917542 0.016895074397325515747 0.016895074397325515747 0.016895074397325515747 0.016895074397325515747 0.016895074397325515747 0.016895074397325515747 0.016751701012253761292 0.016751701012253761292 0.016751701012253761292 0.016751701012253761292 0.016751701012253761292 0.016982827335596084595 0.016982827335596084595 0.016982827335596084595 0.016982827335596084595 0.016982827335596084595 0.016982827335596084595 0.017772464081645011902 0.017772464081645011902 0.017772464081645011902 0.017772464081645011902 0.017772464081645011902 0.017927138134837150574 0.017927138134837150574 0.017927138134837150574 0.017927138134837150574 0.017927138134837150574 0.017927138134837150574 0.017652167007327079773 0.017652167007327079773 0.017652167007327079773 0.017652167007327079773
0.017558755353093147278 0.017874175682663917542 0.017874175682663917542 0.017874175682663917542 0.017874175682663917542 0.017874175682663917542 0.016895074397325515747 0.016895074397325515747 0.016895074397325515747 0.016895074397325515747 0.016895074397325515747 0.016895074397325515747 0.016751701012253761292 0.016751701012253761292 0.016751701012253761292 0.016751701012253761292 0.016751701012253761292 0.016982827335596084595 0.016982827335596084595 0.016982827335596084595 0.016982827335596084595 0.016982827335596084595 0.016982827335596084595 0.017772464081645011902 0.017772464081645011902 0.017772464081645011902 0.017772464081645011902 0.017772464081645011902 0.017927138134837150574 0.017927138134837150574 0.017927138134837150574 0.017927138134837150574 0.017927138134837150574 0.017927138134837150574 0.017652167007327079773 0.017652167007327079773 0.017652167007327079773 0.017652167007327079773
0.017558755353093147278 0.017874175682663917542 0.017874175682663917542 0.017874175682663917542 0.017874175682663917542 0.017874175682663917542 0.016895074397325515747 0.016895074397325515747 0.016895074397325515747 0.016895074397325515747 0.016895074397325515747 0.016895074397325515747 0.016751701012253761292 0.016751701012253761292 0.016751701012253761292 0.016751701012253761292 0.016751701012253761292 0.016982827335596084595 0.016982827335596084595 0.016982827335596084595 0.016982827335596084595 0.016982827335596084595 0.016982827335596084595 0.017772464081645011902 0.017772464081645011902 0.017772464081645011902 0.017772464081645011902 0.017772464081645011902 0.017927138134837150574 0.017927138134837150574 0.017927138134837150574 0.017927138134837150574 0.017927138134837150574 0.017927138134837150574 0.017652167007327079773 0.017652167007327079773 0.017652167007327079773 0.017652167007327079773
0.017558755353093147278 0.017874175682663917542 0.017874175682663917542 0.017874175682663917542 0.017874175682663917542 0.017874175682663917542 0.016895074397325515747 0.016895074397325515747 0.016895074397325515747 0.016895074397325515747 0.016895074397325515747 0.016895074397325515747 0.016751701012253761292 0.016751701012253761292 0.016751701012253761292 0.016751701012253761292 0.016751701012253761292 0.016982827335596084595 0.016982827335596084595 0.016982827335596084595 0.016982827335596084595 0.016982827335596084595 0.016982827335596084595 0.017772464081645011902 0.017772464081645011902 0.017772464081645011902 0.017772464081645011902 0.017772464081645011902 0.017927138134837150574 0.017927138134837150574 0.017927138134837150574 0.017927138134837150574 0.017927138134837150574 0.017927138134837150574 0.017652167007327079773 0.017652167007327079773 0.017652167007327079773 0.017652167007327079773
