vG_alpha_100cm_BarticaBox_5km.asc
ncols        117
nrows        158
xllcorner    -161906
yllcorner    121774
cellsize     5000
NODATA_value -999
[rows 34 to 50 of 158, columns 76 to 113 of 117]
0.017192594707012176514 0.017448490485548973083 0.017448490485548973083 0.017448490485548973083 0.017448490485548973083 0.017448490485548973083 0.017448490485548973083 0.01805712282657623291 0.01805712282657623291 0.01805712282657623291 0.01805712282657623291 0.01805712282657623291 0.01805712282657623291 0.018217770382761955261 0.018217770382761955261 0.018217770382761955261 0.018217770382761955261 0.018217770382761955261 0.017080070450901985168 0.017080070450901985168 0.017080070450901985168 0.017080070450901985168 0.017080070450901985168 0.017080070450901985168 0.014205003157258033752 0.014205003157258033752 0.014205003157258033752 0.014205003157258033752 0.014205003157258033752 -999 -999 -999 -999 -999 -999 -999 -999 -999
0.017408417537808418274 0.017546879127621650696 0.017546879127621650696 0.017546879127621650696 0.017546879127621650696 0.017546879127621650696 0.017546879127621650696 0.018063705414533615112 0.018063705414533615112 0.018063705414533615112 0.018063705414533615112 0.018063705414533615112 0.018063705414533615112 0.01832856982946395874 0.01832856982946395874 0.01832856982946395874 0.01832856982946395874 0.01832856982946395874 0.01754766516387462616 0.01754766516387462616 0.01754766516387462616 0.01754766516387462616 0.01754766516387462616 0.01754766516387462616 0.016495959833264350891 0.016495959833264350891 0.016495959833264350891 0.016495959833264350891 0.016495959833264350891 0.014755824580788612366 0.014755824580788612366 0.014755824580788612366 0.014755824580788612366 0.014755824580788612366 0.014755824580788612366 0.014018989168107509613 0.014018989168107509613 0.014018989168107509613
0.017408417537808418274 0.017546879127621650696 0.017546879127621650696 0.017546879127621650696 0.017546879127621650696 0.017546879127621650696 0.017546879127621650696 0.018063705414533615112 0.018063705414533615112 0.018063705414533615112 0.018063705414533615112 0.018063705414533615112 0.018063705414533615112 0.01832856982946395874 0.01832856982946395874 0.01832856982946395874 0.01832856982946395874 0.01832856982946395874 0.01754766516387462616 0.01754766516387462616 0.01754766516387462616 0.01754766516387462616 0.01754766516387462616 0.01754766516387462616 0.016495959833264350891 0.016495959833264350891 0.016495959833264350891 0.016495959833264350891 0.016495959833264350891 0.014755824580788612366 0.014755824580788612366 0.014755824580788612366 0.014755824580788612366 0.014755824580788612366 0.014755824580788612366 0.014018989168107509613 0.014018989168107509613 0.014018989168107509613
0.017408417537808418274 0.017546879127621650696 0.017546879127621650696 0.017546879127621650696 0.017546879127621650696 0.017546879127621650696 0.017546879127621650696 0.018063705414533615112 0.018063705414533615112 0.018063705414533615112 0.018063705414533615112 0.018063705414533615112 0.018063705414533615112 0.01832856982946395874 0.01832856982946395874 0.01832856982946395874 0.01832856982946395874 0.01832856982946395874 0.01754766516387462616 0.01754766516387462616 0.01754766516387462616 0.01754766516387462616 0.01754766516387462616 0.01754766516387462616 0.016495959833264350891 0.016495959833264350891 0.016495959833264350891 0.016495959833264350891 0.016495959833264350891 0.014755824580788612366 0.014755824580788612366 0.014755824580788612366 0.014755824580788612366 0.014755824580788612366 0.014755824580788612366 0.014018989168107509613 0.014018989168107509613 0.014018989168107509613
0.017408417537808418274 0.017546879127621650696 0.017546879127621650696 0.017546879127621650696 0.017546879127621650696 0.017546879127621650696 0.017546879127621650696 0.018063705414533615112 0.018063705414533615112 0.018063705414533615112 0.018063705414533615112 0.018063705414533615112 0.018063705414533615112 0.01832856982946395874 0.01832856982946395874 0.01832856982946395874 0.01832856982946395874 0.01832856982946395874 0.01754766516387462616 0.01754766516387462616 0.01754766516387462616 0.01754766516387462616 0.01754766516387462616 0.01754766516387462616 0.016495959833264350891 0.016495959833264350891 0.016495959833264350891 0.016495959833264350891 0.016495959833264350891 0.014755824580788612366 0.014755824580788612366 0.014755824580788612366 0.014755824580788612366 0.014755824580788612366 0.014755824580788612366 0.014018989168107509613 0.014018989168107509613 0.014018989168107509613
0.017408417537808418274 0.017546879127621650696 0.017546879127621650696 0.017546879127621650696 0.017546879127621650696 0.017546879127621650696 0.017546879127621650696 0.018063705414533615112 0.018063705414533615112 0.018063705414533615112 0.018063705414533615112 0.018063705414533615112 0.018063705414533615112 0.01832856982946395874 0.01832856982946395874 0.01832856982946395874 0.01832856982946395874 0.01832856982946395874 0.01754766516387462616 0.01754766516387462616 0.01754766516387462616 0.01754766516387462616 0.01754766516387462616 0.01754766516387462616 0.016495959833264350891 0.016495959833264350891 0.016495959833264350891 0.016495959833264350891 0.016495959833264350891 0.014755824580788612366 0.014755824580788612366 0.014755824580788612366 0.014755824580788612366 0.014755824580788612366 0.014755824580788612366 0.014018989168107509613 0.014018989168107509613 0.014018989168107509613
0.017596036195755004883 0.01740656048059463501 0.01740656048059463501 0.01740656048059463501 0.01740656048059463501 0.01740656048059463501 0.01740656048059463501 0.018148604780435562134 0.018148604780435562134 0.018148604780435562134 0.018148604780435562134 0.018148604780435562134 0.018148604780435562134 0.018395766615867614746 0.018395766615867614746 0.018395766615867614746 0.018395766615867614746 0.018395766615867614746 0.018063377588987350464 0.018063377588987350464 0.018063377588987350464 0.018063377588987350464 0.018063377588987350464 0.018063377588987350464 0.017550578340888023376 0.017550578340888023376 0.017550578340888023376 0.017550578340888023376 0.017550578340888023376 0.016459111124277114868 0.016459111124277114868 0.016459111124277114868 0.016459111124277114868 0.016459111124277114868 0.016459111124277114868 0.01494060177356004715 0.01494060177356004715 0.01494060177356004715
0.017596036195755004883 0.01740656048059463501 0.01740656048059463501 0.01740656048059463501 0.01740656048059463501 0.01740656048059463501 0.01740656048059463501 0.018148604780435562134 0.018148604780435562134 0.018148604780435562134 0.018148604780435562134 0.018148604780435562134 0.018148604780435562134 0.018395766615867614746 0.018395766615867614746 0.018395766615867614746 0.018395766615867614746 0.018395766615867614746 0.018063377588987350464 0.018063377588987350464 0.018063377588987350464 0.018063377588987350464 0.018063377588987350464 0.018063377588987350464 0.017550578340888023376 0.017550578340888023376 0.017550578340888023376 0.017550578340888023376 0.017550578340888023376 0.016459111124277114868 0.016459111124277114868 0.016459111124277114868 0.016459111124277114868 0.016459111124277114868 0.016459111124277114868 0.01494060177356004715 0.01494060177356004715 0.01494060177356004715
0.017596036195755004883 0.01740656048059463501 0.01740656048059463501 0.01740656048059463501 0.01740656048059463501 0.01740656048059463501 0.01740656048059463501 0.018148604780435562134 0.018148604780435562134 0.018148604780435562134 0.018148604780435562134 0.018148604780435562134 0.018148604780435562134 0.018395766615867614746 0.018395766615867614746 0.018395766615867614746 0.018395766615867614746 0.018395766615867614746 0.018063377588987350464 0.018063377588987350464 0.018063377588987350464 0.018063377588987350464 0.018063377588987350464 0.018063377588987350464 0.017550578340888023376 0.017550578340888023376 0.017550578340888023376 0.017550578340888023376 0.017550578340888023376 0.016459111124277114868 0.016459111124277114868 0.016459111124277114868 0.016459111124277114868 0.016459111124277114868 0.016459111124277114868 0.01494060177356004715 0.01494060177356004715 0.01494060177356004715
0.017596036195755004883 0.01740656048059463501 0.01740656048059463501 0.01740656048059463501 0.01740656048059463501 0.01740656048059463501 0.01740656048059463501 0.018148604780435562134 0.018148604780435562134 0.018148604780435562134 0.018148604780435562134 0.018148604780435562134 0.018148604780435562134 0.018395766615867614746 0.018395766615867614746 0.018395766615867614746 0.018395766615867614746 0.018395766615867614746 0.018063377588987350464 0.018063377588987350464 0.018063377588987350464 0.018063377588987350464 0.018063377588987350464 0.018063377588987350464 0.017550578340888023376 0.017550578340888023376 0.017550578340888023376 0.017550578340888023376 0.017550578340888023376 0.016459111124277114868 0.016459111124277114868 0.016459111124277114868 0.016459111124277114868 0.016459111124277114868 0.016459111124277114868 0.01494060177356004715 0.01494060177356004715 0.01494060177356004715
0.017596036195755004883 0.01740656048059463501 0.01740656048059463501 0.01740656048059463501 0.01740656048059463501 0.01740656048059463501 0.01740656048059463501 0.018148604780435562134 0.018148604780435562134 0.018148604780435562134 0.018148604780435562134 0.018148604780435562134 0.018148604780435562134 0.018395766615867614746 0.018395766615867614746 0.018395766615867614746 0.018395766615867614746 0.018395766615867614746 0.018063377588987350464 0.018063377588987350464 0.018063377588987350464 0.018063377588987350464 0.018063377588987350464 0.018063377588987350464 0.017550578340888023376 0.017550578340888023376 0.017550578340888023376 0.017550578340888023376 0.017550578340888023376 0.016459111124277114868 0.016459111124277114868 0.016459111124277114868 0.016459111124277114868 0.016459111124277114868 0.016459111124277114868 0.01494060177356004715 0.01494060177356004715 0.01494060177356004715
0.017596036195755004883 0.01740656048059463501 0.01740656048059463501 0.01740656048059463501 0.01740656048059463501 0.01740656048059463501 0.01740656048059463501 0.018148604780435562134 0.018148604780435562134 0.018148604780435562134 0.018148604780435562134 0.018148604780435562134 0.018148604780435562134 0.018395766615867614746 0.018395766615867614746 0.018395766615867614746 0.018395766615867614746 0.018395766615867614746 0.018063377588987350464 0.018063377588987350464 0.018063377588987350464 0.018063377588987350464 0.018063377588987350464 0.018063377588987350464 0.017550578340888023376 0.017550578340888023376 0.017550578340888023376 0.017550578340888023376 0.017550578340888023376 0.016459111124277114868 0.016459111124277114868 0.016459111124277114868 0.016459111124277114868 0.016459111124277114868 0.016459111124277114868 0.01494060177356004715 0.01494060177356004715 0.01494060177356004715
0.017652167007327079773 0.01766815967857837677 0.01766815967857837677 0.01766815967857837677 0.01766815967857837677 0.01766815967857837677 0.01766815967857837677 0.017728934064507484436 0.017728934064507484436 0.017728934064507484436 0.017728934064507484436 0.017728934064507484436 0.017728934064507484436 0.018100986257195472717 0.018100986257195472717 0.018100986257195472717 0.018100986257195472717 0.018100986257195472717 0.01826961711049079895 0.01826961711049079895 0.01826961711049079895 0.01826961711049079895 0.01826961711049079895 0.01826961711049079895 0.018109941855072975159 0.018109941855072975159 0.018109941855072975159 0.018109941855072975159 0.018109941855072975159 0.017691647633910179138 0.017691647633910179138 0.017691647633910179138 0.017691647633910179138 0.017691647633910179138 0.017691647633910179138 0.016069008037447929382 0.016069008037447929382 0.016069008037447929382
0.017652167007327079773 0.01766815967857837677 0.01766815967857837677 0.01766815967857837677 0.01766815967857837677 0.01766815967857837677 0.01766815967857837677 0.017728934064507484436 0.017728934064507484436 0.017728934064507484436 0.017728934064507484436 0.017728934064507484436 0.017728934064507484436 0.018100986257195472717 0.018100986257195472717 0.018100986257195472717 0.018100986257195472717 0.018100986257195472717 0.01826961711049079895 0.01826961711049079895 0.01826961711049079895 0.01826961711049079895 0.01826961711049079895 0.01826961711049079895 0.018109941855072975159 0.018109941855072975159 0.018109941855072975159 0.018109941855072975159 0.018109941855072975159 0.017691647633910179138 0.017691647633910179138 0.017691647633910179138 0.017691647633910179138 0.017691647633910179138 0.017691647633910179138 0.016069008037447929382 0.016069008037447929382 0.016069008037447929382
0.017652167007327079773 0.01766815967857837677 0.01766815967857837677 0.01766815967857837677 0.01766815967857837677 0.01766815967857837677 0.01766815967857837677 0.017728934064507484436 0.017728934064507484436 0.017728934064507484436 0.017728934064507484436 0.017728934064507484436 0.017728934064507484436 0.018100986257195472717 0.018100986257195472717 0.018100986257195472717 0.018100986257195472717 0.018100986257195472717 0.01826961711049079895 0.01826961711049079895 0.01826961711049079895 0.01826961711049079895 0.01826961711049079895 0.01826961711049079895 0.018109941855072975159 0.018109941855072975159 0.018109941855072975159 0.018109941855072975159 0.018109941855072975159 0.017691647633910179138 0.017691647633910179138 0.017691647633910179138 0.017691647633910179138 0.017691647633910179138 0.017691647633910179138 0.016069008037447929382 0.016069008037447929382 0.016069008037447929382
0.017652167007327079773 0.01766815967857837677 0.01766815967857837677 0.01766815967857837677 0.01766815967857837677 0.01766815967857837677 0.01766815967857837677 0.017728934064507484436 0.017728934064507484436 0.017728934064507484436 0.017728934064507484436 0.017728934064507484436 0.017728934064507484436 0.018100986257195472717 0.018100986257195472717 0.018100986257195472717 0.018100986257195472717 0.018100986257195472717 0.01826961711049079895 0.01826961711049079895 0.01826961711049079895 0.01826961711049079895 0.01826961711049079895 0.01826961711049079895 0.018109941855072975159 0.018109941855072975159 0.018109941855072975159 0.018109941855072975159 0.018109941855072975159 0.017691647633910179138 0.017691647633910179138 0.017691647633910179138 0.017691647633910179138 0.017691647633910179138 0.017691647633910179138 0.016069008037447929382 0.016069008037447929382 0.016069008037447929382
0.017652167007327079773 0.01766815967857837677 0.01766815967857837677 0.01766815967857837677 0.01766815967857837677 0.01766815967857837677 0.01766815967857837677 0.017728934064507484436 0.017728934064507484436 0.017728934064507484436 0.017728934064507484436 0.017728934064507484436 0.017728934064507484436 0.018100986257195472717 0.018100986257195472717 0.018100986257195472717 0.018100986257195472717 0.018100986257195472717 0.01826961711049079895 0.01826961711049079895 0.01826961711049079895 0.01826961711049079895 0.01826961711049079895 0.01826961711049079895 0.018109941855072975159 0.018109941855072975159 0.018109941855072975159 0.018109941855072975159 0.018109941855072975159 0.017691647633910179138 0.017691647633910179138 0.017691647633910179138 0.017691647633910179138 0.017691647633910179138 0.017691647633910179138 0.016069008037447929382 0.016069008037447929382 0.016069008037447929382
