vG_Ksat_100cm_BarticaBox_5km.asc
ncols        117
nrows        158
xllcorner    -161906
yllcorner    121774
cellsize     5000
NODATA_value -999
[rows 90 to 107 of 158, columns 0 to 40 of 117]
21.064815521240234375 21.064815521240234375 21.064815521240234375 21.064815521240234375 21.064815521240234375 21.064815521240234375 19.590335845947265625 19.590335845947265625 19.590335845947265625 19.590335845947265625 19.590335845947265625 18.096775054931640625 18.096775054931640625 18.096775054931640625 18.096775054931640625 18.096775054931640625 18.096775054931640625 16.8634490966796875 16.8634490966796875 16.8634490966796875 16.8634490966796875 16.8634490966796875 14.724672317504882812 14.724672317504882812 14.724672317504882812 14.724672317504882812 14.724672317504882812 14.724672317504882812 15.949839591979980469 15.949839591979980469 15.949839591979980469 15.949839591979980469 15.949839591979980469 15.2799530029296875 15.2799530029296875 15.2799530029296875 15.2799530029296875 15.2799530029296875 15.2799530029296875 14.776419639587402344 14.776419639587402344
21.257564544677734375 21.257564544677734375 21.257564544677734375 21.257564544677734375 21.257564544677734375 21.257564544677734375 20.33905792236328125 20.33905792236328125 20.33905792236328125 20.33905792236328125 20.33905792236328125 17.590045928955078125 17.590045928955078125 17.590045928955078125 17.590045928955078125 17.590045928955078125 17.590045928955078125 15.911734580993652344 15.911734580993652344 15.911734580993652344 15.911734580993652344 15.911734580993652344 15.906136512756347656 15.906136512756347656 15.906136512756347656 15.906136512756347656 15.906136512756347656 15.906136512756347656 14.064450263977050781 14.064450263977050781 14.064450263977050781 14.064450263977050781 14.064450263977050781 12.990263938903808594 12.990263938903808594 12.990263938903808594 12.990263938903808594 12.990263938903808594 12.990263938903808594 11.484400749206542969 11.484400749206542969
21.257564544677734375 21.257564544677734375 21.257564544677734375 21.257564544677734375 21.257564544677734375 21.257564544677734375 20.33905792236328125 20.33905792236328125 20.33905792236328125 20.33905792236328125 20.33905792236328125 17.590045928955078125 17.590045928955078125 17.590045928955078125 17.590045928955078125 17.590045928955078125 17.590045928955078125 15.911734580993652344 15.911734580993652344 15.911734580993652344 15.911734580993652344 15.911734580993652344 15.906136512756347656 15.906136512756347656 15.906136512756347656 15.906136512756347656 15.906136512756347656 15.906136512756347656 14.064450263977050781 14.064450263977050781 14.064450263977050781 14.064450263977050781 14.064450263977050781 12.990263938903808594 12.990263938903808594 12.990263938903808594 12.990263938903808594 12.990263938903808594 12.990263938903808594 11.484400749206542969 11.484400749206542969
21.257564544677734375 21.257564544677734375 21.257564544677734375 21.257564544677734375 21.257564544677734375 21.257564544677734375 20.33905792236328125 20.33905792236328125 20.33905792236328125 20.33905792236328125 20.33905792236328125 17.590045928955078125 17.590045928955078125 17.590045928955078125 17.590045928955078125 17.590045928955078125 17.590045928955078125 15.911734580993652344 15.911734580993652344 15.911734580993652344 15.911734580993652344 15.911734580993652344 15.906136512756347656 15.906136512756347656 15.906136512756347656 15.906136512756347656 15.906136512756347656 15.906136512756347656 14.064450263977050781 14.064450263977050781 14.064450263977050781 14.064450263977050781 14.064450263977050781 12.990263938903808594 12.990263938903808594 12.990263938903808594 12.990263938903808594 12.990263938903808594 12.990263938903808594 11.484400749206542969 11.484400749206542969
21.257564544677734375 21.257564544677734375 21.257564544677734375 21.257564544677734375 21.257564544677734375 21.257564544677734375 20.33905792236328125 20.33905792236328125 20.33905792236328125 20.33905792236328125 20.33905792236328125 17.590045928955078125 17.590045928955078125 17.590045928955078125 17.590045928955078125 17.590045928955078125 17.590045928955078125 15.911734580993652344 15.911734580993652344 15.911734580993652344 15.911734580993652344 15.911734580993652344 15.906136512756347656 15.906136512756347656 15.906136512756347656 15.906136512756347656 15.906136512756347656 15.906136512756347656 14.064450263977050781 14.064450263977050781 14.064450263977050781 14.064450263977050781 14.064450263977050781 12.990263938903808594 12.990263938903808594 12.990263938903808594 12.990263938903808594 12.990263938903808594 12.990263938903808594 11.484400749206542969 11.484400749206542969
21.257564544677734375 21.257564544677734375 21.257564544677734375 21.257564544677734375 21.257564544677734375 21.257564544677734375 20.33905792236328125 20.33905792236328125 20.33905792236328125 20.33905792236328125 20.33905792236328125 17.590045928955078125 17.590045928955078125 17.590045928955078125 17.590045928955078125 17.590045928955078125 17.590045928955078125 15.911734580993652344 15.911734580993652344 15.911734580993652344 15.911734580993652344 15.911734580993652344 15.906136512756347656 15.906136512756347656 15.906136512756347656 15.906136512756347656 15.906136512756347656 15.906136512756347656 14.064450263977050781 14.064450263977050781 14.064450263977050781 14.064450263977050781 14.064450263977050781 12.990263938903808594 12.990263938903808594 12.990263938903808594 12.990263938903808594 12.990263938903808594 12.990263938903808594 11.484400749206542969 11.484400749206542969
26.21685791015625 26.21685791015625 26.21685791015625 26.21685791015625 26.21685791015625 26.21685791015625 20.174890518188476562 20.174890518188476562 20.174890518188476562 20.174890518188476562 20.174890518188476562 17.476430892944335938 17.476430892944335938 17.476430892944335938 17.476430892944335938 17.476430892944335938 17.476430892944335938 16.15093994140625 16.15093994140625 16.15093994140625 16.15093994140625 16.15093994140625 15.808608055114746094 15.808608055114746094 15.808608055114746094 15.808608055114746094 15.808608055114746094 15.808608055114746094 15.214840888977050781 15.214840888977050781 15.214840888977050781 15.214840888977050781 15.214840888977050781 13.57080841064453125 13.57080841064453125 13.57080841064453125 13.57080841064453125 13.57080841064453125 13.57080841064453125 14.657349586486816406 14.657349586486816406
26.21685791015625 26.21685791015625 26.21685791015625 26.21685791015625 26.21685791015625 26.21685791015625 20.174890518188476562 20.174890518188476562 20.174890518188476562 20.174890518188476562 20.174890518188476562 17.476430892944335938 17.476430892944335938 17.476430892944335938 17.476430892944335938 17.476430892944335938 17.476430892944335938 16.15093994140625 16.15093994140625 16.15093994140625 16.15093994140625 16.15093994140625 15.808608055114746094 15.808608055114746094 15.808608055114746094 15.808608055114746094 15.808608055114746094 15.808608055114746094 15.214840888977050781 15.214840888977050781 15.214840888977050781 15.214840888977050781 15.214840888977050781 13.57080841064453125 13.57080841064453125 13.57080841064453125 13.57080841064453125 13.57080841064453125 13.57080841064453125 14.657349586486816406 14.657349586486816406
26.21685791015625 26.21685791015625 26.21685791015625 26.21685791015625 26.21685791015625 26.21685791015625 20.174890518188476562 20.174890518188476562 20.174890518188476562 20.174890518188476562 20.174890518188476562 17.476430892944335938 17.476430892944335938 17.476430892944335938 17.476430892944335938 17.476430892944335938 17.476430892944335938 16.15093994140625 16.15093994140625 16.15093994140625 16.15093994140625 16.15093994140625 15.808608055114746094 15.808608055114746094 15.808608055114746094 15.808608055114746094 15.808608055114746094 15.808608055114746094 15.214840888977050781 15.214840888977050781 15.214840888977050781 15.214840888977050781 15.214840888977050781 13.57080841064453125 13.57080841064453125 13.57080841064453125 13.57080841064453125 13.57080841064453125 13.57080841064453125 14.657349586486816406 14.657349586486816406
26.21685791015625 26.21685791015625 26.21685791015625 26.21685791015625 26.21685791015625 26.21685791015625 20.174890518188476562 20.174890518188476562 20.174890518188476562 20.174890518188476562 20.174890518188476562 17.476430892944335938 17.476430892944335938 17.476430892944335938 17.476430892944335938 17.476430892944335938 17.476430892944335938 16.15093994140625 16.15093994140625 16.15093994140625 16.15093994140625 16.15093994140625 15.808608055114746094 15.808608055114746094 15.808608055114746094 15.808608055114746094 15.808608055114746094 15.808608055114746094 15.214840888977050781 15.214840888977050781 15.214840888977050781 15.214840888977050781 15.214840888977050781 13.57080841064453125 13.57080841064453125 13.57080841064453125 13.57080841064453125 13.57080841064453125 13.57080841064453125 14.657349586486816406 14.657349586486816406
26.21685791015625 26.21685791015625 26.21685791015625 26.21685791015625 26.21685791015625 26.21685791015625 20.174890518188476562 20.174890518188476562 20.174890518188476562 20.174890518188476562 20.174890518188476562 17.476430892944335938 17.476430892944335938 17.476430892944335938 17.476430892944335938 17.476430892944335938 17.476430892944335938 16.15093994140625 16.15093994140625 16.15093994140625 16.15093994140625 16.15093994140625 15.808608055114746094 15.808608055114746094 15.808608055114746094 15.808608055114746094 15.808608055114746094 15.808608055114746094 15.214840888977050781 15.214840888977050781 15.214840888977050781 15.214840888977050781 15.214840888977050781 13.57080841064453125 13.57080841064453125 13.57080841064453125 13.57080841064453125 13.57080841064453125 13.57080841064453125 14.657349586486816406 14.657349586486816406
26.21685791015625 26.21685791015625 26.21685791015625 26.21685791015625 26.21685791015625 26.21685791015625 20.174890518188476562 20.174890518188476562 20.174890518188476562 20.174890518188476562 20.174890518188476562 17.476430892944335938 17.476430892944335938 17.476430892944335938 17.476430892944335938 17.476430892944335938 17.476430892944335938 16.15093994140625 16.15093994140625 16.15093994140625 16.15093994140625 16.15093994140625 15.808608055114746094 15.808608055114746094 15.808608055114746094 15.808608055114746094 15.808608055114746094 15.808608055114746094 15.214840888977050781 15.214840888977050781 15.214840888977050781 15.214840888977050781 15.214840888977050781 13.57080841064453125 13.57080841064453125 13.57080841064453125 13.57080841064453125 13.57080841064453125 13.57080841064453125 14.657349586486816406 14.657349586486816406
19.251621246337890625 19.251621246337890625 19.251621246337890625 19.251621246337890625 19.251621246337890625 19.251621246337890625 16.185352325439453125 16.185352325439453125 16.185352325439453125 16.185352325439453125 16.185352325439453125 16.743364334106445312 16.743364334106445312 16.743364334106445312 16.743364334106445312 16.743364334106445312 16.743364334106445312 16.141199111938476562 16.141199111938476562 16.141199111938476562 16.141199111938476562 16.141199111938476562 16.237951278686523438 16.237951278686523438 16.237951278686523438 16.237951278686523438 16.237951278686523438 16.237951278686523438 14.274369239807128906 14.274369239807128906 14.274369239807128906 14.274369239807128906 14.274369239807128906 14.019330978393554688 14.019330978393554688 14.019330978393554688 14.019330978393554688 14.019330978393554688 14.019330978393554688 14.939488410949707031 14.939488410949707031
19.251621246337890625 19.251621246337890625 19.251621246337890625 19.251621246337890625 19.251621246337890625 19.251621246337890625 16.185352325439453125 16.185352325439453125 16.185352325439453125 16.185352325439453125 16.185352325439453125 16.743364334106445312 16.743364334106445312 16.743364334106445312 16.743364334106445312 16.743364334106445312 16.743364334106445312 16.141199111938476562 16.141199111938476562 16.141199111938476562 16.141199111938476562 16.141199111938476562 16.237951278686523438 16.237951278686523438 16.237951278686523438 16.237951278686523438 16.237951278686523438 16.237951278686523438 14.274369239807128906 14.274369239807128906 14.274369239807128906 14.274369239807128906 14.274369239807128906 14.019330978393554688 14.019330978393554688 14.019330978393554688 14.019330978393554688 14.019330978393554688 14.019330978393554688 14.939488410949707031 14.939488410949707031
19.251621246337890625 19.251621246337890625 19.251621246337890625 19.251621246337890625 19.251621246337890625 19.251621246337890625 16.185352325439453125 16.185352325439453125 16.185352325439453125 16.185352325439453125 16.185352325439453125 16.743364334106445312 16.743364334106445312 16.743364334106445312 16.743364334106445312 16.743364334106445312 16.743364334106445312 16.141199111938476562 16.141199111938476562 16.141199111938476562 16.141199111938476562 16.141199111938476562 16.237951278686523438 16.237951278686523438 16.237951278686523438 16.237951278686523438 16.237951278686523438 16.237951278686523438 14.274369239807128906 14.274369239807128906 14.274369239807128906 14.274369239807128906 14.274369239807128906 14.019330978393554688 14.019330978393554688 14.019330978393554688 14.019330978393554688 14.019330978393554688 14.019330978393554688 14.939488410949707031 14.939488410949707031
19.251621246337890625 19.251621246337890625 19.251621246337890625 19.251621246337890625 19.251621246337890625 19.251621246337890625 16.185352325439453125 16.185352325439453125 16.185352325439453125 16.185352325439453125 16.185352325439453125 16.743364334106445312 16.743364334106445312 16.743364334106445312 16.743364334106445312 16.743364334106445312 16.743364334106445312 16.141199111938476562 16.141199111938476562 16.141199111938476562 16.141199111938476562 16.141199111938476562 16.237951278686523438 16.237951278686523438 16.237951278686523438 16.237951278686523438 16.237951278686523438 16.237951278686523438 14.274369239807128906 14.274369239807128906 14.274369239807128906 14.274369239807128906 14.274369239807128906 14.019330978393554688 14.019330978393554688 14.019330978393554688 14.019330978393554688 14.019330978393554688 14.019330978393554688 14.939488410949707031 14.939488410949707031
19.251621246337890625 19.251621246337890625 19.251621246337890625 19.251621246337890625 19.251621246337890625 19.251621246337890625 16.185352325439453125 16.185352325439453125 16.185352325439453125 16.185352325439453125 16.185352325439453125 16.743364334106445312 16.743364334106445312 16.743364334106445312 16.743364334106445312 16.743364334106445312 16.743364334106445312 16.141199111938476562 16.141199111938476562 16.141199111938476562 16.141199111938476562 16.141199111938476562 16.237951278686523438 16.237951278686523438 16.237951278686523438 16.237951278686523438 16.237951278686523438 16.237951278686523438 14.274369239807128906 14.274369239807128906 14.274369239807128906 14.274369239807128906 14.274369239807128906 14.019330978393554688 14.019330978393554688 14.019330978393554688 14.019330978393554688 14.019330978393554688 14.019330978393554688 14.939488410949707031 14.939488410949707031
19.251621246337890625 19.251621246337890625 19.251621246337890625 19.251621246337890625 19.251621246337890625 19.251621246337890625 16.185352325439453125 16.185352325439453125 16.185352325439453125 16.185352325439453125 16.185352325439453125 16.743364334106445312 16.743364334106445312 16.743364334106445312 16.743364334106445312 16.743364334106445312 16.743364334106445312 16.141199111938476562 16.141199111938476562 16.141199111938476562 16.141199111938476562 16.141199111938476562 16.237951278686523438 16.237951278686523438 16.237951278686523438 16.237951278686523438 16.237951278686523438 16.237951278686523438 14.274369239807128906 14.274369239807128906 14.274369239807128906 14.274369239807128906 14.274369239807128906 14.019330978393554688 14.019330978393554688 14.019330978393554688 14.019330978393554688 14.019330978393554688 14.019330978393554688 14.939488410949707031 14.939488410949707031
