vG_Ksat_100cm_BarticaBox_5km.asc
ncols        117
nrows        158
xllcorner    -161906
yllcorner    121774
cellsize     5000
NODATA_value -999
[rows 90 to 107 of 158, columns 41 to 81 of 117]
14.776419639587402344 14.776419639587402344 14.776419639587402344 15.410959243774414062 15.410959243774414062 15.410959243774414062 15.410959243774414062 15.410959243774414062 15.410959243774414062 14.378320693969726562 14.378320693969726562 14.378320693969726562 14.378320693969726562 14.378320693969726562 13.362370491027832031 13.362370491027832031 13.362370491027832031 13.362370491027832031 13.362370491027832031 13.362370491027832031 16.368804931640625 16.368804931640625 16.368804931640625 16.368804931640625 16.368804931640625 18.388280868530273438 18.388280868530273438 18.388280868530273438 18.388280868530273438 18.388280868530273438 18.388280868530273438 19.61846923828125 19.61846923828125 19.61846923828125 19.61846923828125 19.61846923828125 21.576007843017578125 21.576007843017578125 21.576007843017578125 21.576007843017578125 21.576007843017578125
11.484400749206542969 11.484400749206542969 11.484400749206542969 11.136304855346679688 11.136304855346679688 11.136304855346679688 11.136304855346679688 11.136304855346679688 11.136304855346679688 11.122672080993652344 11.122672080993652344 11.122672080993652344 11.122672080993652344 11.122672080993652344 10.848453521728515625 10.848453521728515625 10.848453521728515625 10.848453521728515625 10.848453521728515625 10.848453521728515625 14.530977249145507812 14.530977249145507812 14.530977249145507812 14.530977249145507812 14.530977249145507812 18.28223419189453125 18.28223419189453125 18.28223419189453125 18.28223419189453125 18.28223419189453125 18.28223419189453125 18.839694976806640625 18.839694976806640625 18.839694976806640625 18.839694976806640625 18.839694976806640625 20.152706146240234375 20.152706146240234375 20.152706146240234375 20.152706146240234375 20.152706146240234375
11.484400749206542969 11.484400749206542969 11.484400749206542969 11.136304855346679688 11.136304855346679688 11.136304855346679688 11.136304855346679688 11.136304855346679688 11.136304855346679688 11.122672080993652344 11.122672080993652344 11.122672080993652344 11.122672080993652344 11.122672080993652344 10.848453521728515625 10.848453521728515625 10.848453521728515625 10.848453521728515625 10.848453521728515625 10.848453521728515625 14.530977249145507812 14.530977249145507812 14.530977249145507812 14.530977249145507812 14.530977249145507812 18.28223419189453125 18.28223419189453125 18.28223419189453125 18.28223419189453125 18.28223419189453125 18.28223419189453125 18.839694976806640625 18.839694976806640625 18.839694976806640625 18.839694976806640625 18.839694976806640625 20.152706146240234375 20.152706146240234375 20.152706146240234375 20.152706146240234375 20.152706146240234375
11.484400749206542969 11.484400749206542969 11.484400749206542969 11.136304855346679688 11.136304855346679688 11.136304855346679688 11.136304855346679688 11.136304855346679688 11.136304855346679688 11.122672080993652344 11.122672080993652344 11.122672080993652344 11.122672080993652344 11.122672080993652344 10.848453521728515625 10.848453521728515625 10.848453521728515625 10.848453521728515625 10.848453521728515625 10.848453521728515625 14.530977249145507812 14.530977249145507812 14.530977249145507812 14.530977249145507812 14.530977249145507812 18.28223419189453125 18.28223419189453125 18.28223419189453125 18.28223419189453125 18.28223419189453125 18.28223419189453125 18.839694976806640625 18.839694976806640625 18.839694976806640625 18.839694976806640625 18.839694976806640625 20.152706146240234375 20.152706146240234375 20.152706146240234375 20.152706146240234375 20.152706146240234375
11.484400749206542969 11.484400749206542969 11.484400749206542969 11.136304855346679688 11.136304855346679688 11.136304855346679688 11.136304855346679688 11.136304855346679688 11.136304855346679688 11.122672080993652344 11.122672080993652344 11.122672080993652344 11.122672080993652344 11.122672080993652344 10.848453521728515625 10.848453521728515625 10.848453521728515625 10.848453521728515625 10.848453521728515625 10.848453521728515625 14.530977249145507812 14.530977249145507812 14.530977249145507812 14.530977249145507812 14.530977249145507812 18.28223419189453125 18.28223419189453125 18.28223419189453125 18.28223419189453125 18.28223419189453125 18.28223419189453125 18.839694976806640625 18.839694976806640625 18.839694976806640625 18.839694976806640625 18.839694976806640625 20.152706146240234375 20.152706146240234375 20.152706146240234375 20.152706146240234375 20.152706146240234375
11.484400749206542969 11.484400749206542969 11.484400749206542969 11.136304855346679688 11.136304855346679688 11.136304855346679688 11.136304855346679688 11.136304855346679688 11.136304855346679688 11.122672080993652344 11.122672080993652344 11.122672080993652344 11.122672080993652344 11.122672080993652344 10.848453521728515625 10.848453521728515625 10.848453521728515625 10.848453521728515625 10.848453521728515625 10.848453521728515625 14.530977249145507812 14.530977249145507812 14.530977249145507812 14.530977249145507812 14.530977249145507812 18.28223419189453125 18.28223419189453125 18.28223419189453125 18.28223419189453125 18.28223419189453125 18.28223419189453125 18.839694976806640625 18.839694976806640625 18.839694976806640625 18.839694976806640625 18.839694976806640625 20.152706146240234375 20.152706146240234375 20.152706146240234375 20.152706146240234375 20.152706146240234375
14.657349586486816406 14.657349586486816406 14.657349586486816406 14.544583320617675781 14.544583320617675781 14.544583320617675781 14.544583320617675781 14.544583320617675781 14.544583320617675781 13.199232101440429688 13.199232101440429688 13.199232101440429688 13.199232101440429688 13.199232101440429688 12.056479454040527344 12.056479454040527344 12.056479454040527344 12.056479454040527344 12.056479454040527344 12.056479454040527344 14.677629470825195312 14.677629470825195312 14.677629470825195312 14.677629470825195312 14.677629470825195312 13.994297981262207031 13.994297981262207031 13.994297981262207031 13.994297981262207031 13.994297981262207031 13.994297981262207031 14.058589935302734375 14.058589935302734375 14.058589935302734375 14.058589935302734375 14.058589935302734375 14.411136627197265625 14.411136627197265625 14.411136627197265625 14.411136627197265625 14.411136627197265625
14.657349586486816406 14.657349586486816406 14.657349586486816406 14.544583320617675781 14.544583320617675781 14.544583320617675781 14.544583320617675781 14.544583320617675781 14.544583320617675781 13.199232101440429688 13.199232101440429688 13.199232101440429688 13.199232101440429688 13.199232101440429688 12.056479454040527344 12.056479454040527344 12.056479454040527344 12.056479454040527344 12.056479454040527344 12.056479454040527344 14.677629470825195312 14.677629470825195312 14.677629470825195312 14.677629470825195312 14.677629470825195312 13.994297981262207031 13.994297981262207031 13.994297981262207031 13.994297981262207031 13.994297981262207031 13.994297981262207031 14.058589935302734375 14.058589935302734375 14.058589935302734375 14.058589935302734375 14.058589935302734375 14.411136627197265625 14.411136627197265625 14.411136627197265625 14.411136627197265625 14.411136627197265625
14.657349586486816406 14.657349586486816406 14.657349586486816406 14.544583320617675781 14.544583320617675781 14.544583320617675781 14.544583320617675781 14.544583320617675781 14.544583320617675781 13.199232101440429688 13.199232101440429688 13.199232101440429688 13.199232101440429688 13.199232101440429688 12.056479454040527344 12.056479454040527344 12.056479454040527344 12.056479454040527344 12.056479454040527344 12.056479454040527344 14.677629470825195312 14.677629470825195312 14.677629470825195312 14.677629470825195312 14.677629470825195312 13.994297981262207031 13.994297981262207031 13.994297981262207031 13.994297981262207031 13.994297981262207031 13.994297981262207031 14.058589935302734375 14.058589935302734375 14.058589935302734375 14.058589935302734375 14.058589935302734375 14.411136627197265625 14.411136627197265625 14.411136627197265625 14.411136627197265625 14.411136627197265625
14.657349586486816406 14.657349586486816406 14.657349586486816406 14.544583320617675781 14.544583320617675781 14.544583320617675781 14.544583320617675781 14.544583320617675781 14.544583320617675781 13.199232101440429688 13.199232101440429688 13.199232101440429688 13.199232101440429688 13.199232101440429688 12.056479454040527344 12.056479454040527344 12.056479454040527344 12.056479454040527344 12.056479454040527344 12.056479454040527344 14.677629470825195312 14.677629470825195312 14.677629470825195312 14.677629470825195312 14.677629470825195312 13.994297981262207031 13.994297981262207031 13.994297981262207031 13.994297981262207031 13.994297981262207031 13.994297981262207031 14.058589935302734375 14.058589935302734375 14.058589935302734375 14.058589935302734375 14.058589935302734375 14.411136627197265625 14.411136627197265625 14.411136627197265625 14.411136627197265625 14.411136627197265625
14.657349586486816406 14.657349586486816406 14.657349586486816406 14.544583320617675781 14.544583320617675781 14.544583320617675781 14.544583320617675781 14.544583320617675781 14.544583320617675781 13.199232101440429688 13.199232101440429688 13.199232101440429688 13.199232101440429688 13.199232101440429688 12.056479454040527344 12.056479454040527344 12.056479454040527344 12.056479454040527344 12.056479454040527344 12.056479454040527344 14.677629470825195312 14.677629470825195312 14.677629470825195312 14.677629470825195312 14.677629470825195312 13.994297981262207031 13.994297981262207031 13.994297981262207031 13.994297981262207031 13.994297981262207031 13.994297981262207031 14.058589935302734375 14.058589935302734375 14.058589935302734375 14.058589935302734375 14.058589935302734375 14.411136627197265625 14.411136627197265625 14.411136627197265625 14.411136627197265625 14.411136627197265625
14.657349586486816406 14.657349586486816406 14.657349586486816406 14.544583320617675781 14.544583320617675781 14.544583320617675781 14.544583320617675781 14.544583320617675781 14.544583320617675781 13.199232101440429688 13.199232101440429688 13.199232101440429688 13.199232101440429688 13.199232101440429688 12.056479454040527344 12.056479454040527344 12.056479454040527344 12.056479454040527344 12.056479454040527344 12.056479454040527344 14.677629470825195312 14.677629470825195312 14.677629470825195312 14.677629470825195312 14.677629470825195312 13.994297981262207031 13.994297981262207031 13.994297981262207031 13.994297981262207031 13.994297981262207031 13.994297981262207031 14.058589935302734375 14.058589935302734375 14.058589935302734375 14.058589935302734375 14.058589935302734375 14.411136627197265625 14.411136627197265625 14.411136627197265625 14.411136627197265625 14.411136627197265625
14.939488410949707031 14.939488410949707031 14.939488410949707031 14.433611869812011719 14.433611869812011719 14.433611869812011719 14.433611869812011719 14.433611869812011719 14.433611869812011719 13.200922012329101562 13.200922012329101562 13.200922012329101562 13.200922012329101562 13.200922012329101562 12.463337898254394531 12.463337898254394531 12.463337898254394531 12.463337898254394531 12.463337898254394531 12.463337898254394531 12.810991287231445312 12.810991287231445312 12.810991287231445312 12.810991287231445312 12.810991287231445312 12.813179969787597656 12.813179969787597656 12.813179969787597656 12.813179969787597656 12.813179969787597656 12.813179969787597656 12.823046684265136719 12.823046684265136719 12.823046684265136719 12.823046684265136719 12.823046684265136719 12.139795303344726562 12.139795303344726562 12.139795303344726562 12.139795303344726562 12.139795303344726562
14.939488410949707031 14.939488410949707031 14.939488410949707031 14.433611869812011719 14.433611869812011719 14.433611869812011719 14.433611869812011719 14.433611869812011719 14.433611869812011719 13.200922012329101562 13.200922012329101562 13.200922012329101562 13.200922012329101562 13.200922012329101562 12.463337898254394531 12.463337898254394531 12.463337898254394531 12.463337898254394531 12.463337898254394531 12.463337898254394531 12.810991287231445312 12.810991287231445312 12.810991287231445312 12.810991287231445312 12.810991287231445312 12.813179969787597656 12.813179969787597656 12.813179969787597656 12.813179969787597656 12.813179969787597656 12.813179969787597656 12.823046684265136719 12.823046684265136719 12.823046684265136719 12.823046684265136719 12.823046684265136719 12.139795303344726562 12.139795303344726562 12.139795303344726562 12.139795303344726562 12.139795303344726562
14.939488410949707031 14.939488410949707031 14.939488410949707031 14.433611869812011719 14.433611869812011719 14.433611869812011719 14.433611869812011719 14.433611869812011719 14.433611869812011719 13.200922012329101562 13.200922012329101562 13.200922012329101562 13.200922012329101562 13.200922012329101562 12.463337898254394531 12.463337898254394531 12.463337898254394531 12.463337898254394531 12.463337898254394531 12.463337898254394531 12.810991287231445312 12.810991287231445312 12.810991287231445312 12.810991287231445312 12.810991287231445312 12.813179969787597656 12.813179969787597656 12.813179969787597656 12.813179969787597656 12.813179969787597656 12.813179969787597656 12.823046684265136719 12.823046684265136719 12.823046684265136719 12.823046684265136719 12.823046684265136719 12.139795303344726562 12.139795303344726562 12.139795303344726562 12.139795303344726562 12.139795303344726562
14.939488410949707031 14.939488410949707031 14.939488410949707031 14.433611869812011719 14.433611869812011719 14.433611869812011719 14.433611869812011719 14.433611869812011719 14.433611869812011719 13.200922012329101562 13.200922012329101562 13.200922012329101562 13.200922012329101562 13.200922012329101562 12.463337898254394531 12.463337898254394531 12.463337898254394531 12.463337898254394531 12.463337898254394531 12.463337898254394531 12.810991287231445312 12.810991287231445312 12.810991287231445312 12.810991287231445312 12.810991287231445312 12.813179969787597656 12.813179969787597656 12.813179969787597656 12.813179969787597656 12.813179969787597656 12.813179969787597656 12.823046684265136719 12.823046684265136719 12.823046684265136719 12.823046684265136719 12.823046684265136719 12.139795303344726562 12.139795303344726562 12.139795303344726562 12.139795303344726562 12.139795303344726562
14.939488410949707031 14.939488410949707031 14.939488410949707031 14.433611869812011719 14.433611869812011719 14.433611869812011719 14.433611869812011719 14.433611869812011719 14.433611869812011719 13.200922012329101562 13.200922012329101562 13.200922012329101562 13.200922012329101562 13.200922012329101562 12.463337898254394531 12.463337898254394531 12.463337898254394531 12.463337898254394531 12.463337898254394531 12.463337898254394531 12.810991287231445312 12.810991287231445312 12.810991287231445312 12.810991287231445312 12.810991287231445312 12.813179969787597656 12.813179969787597656 12.813179969787597656 12.813179969787597656 12.813179969787597656 12.813179969787597656 12.823046684265136719 12.823046684265136719 12.823046684265136719 12.823046684265136719 12.823046684265136719 12.139795303344726562 12.139795303344726562 12.139795303344726562 12.139795303344726562 12.139795303344726562
14.939488410949707031 14.939488410949707031 14.939488410949707031 14.433611869812011719 14.433611869812011719 14.433611869812011719 14.433611869812011719 14.433611869812011719 14.433611869812011719 13.200922012329101562 13.200922012329101562 13.200922012329101562 13.200922012329101562 13.200922012329101562 12.463337898254394531 12.463337898254394531 12.463337898254394531 12.463337898254394531 12.463337898254394531 12.463337898254394531 12.810991287231445312 12.810991287231445312 12.810991287231445312 12.810991287231445312 12.810991287231445312 12.813179969787597656 12.813179969787597656 12.813179969787597656 12.813179969787597656 12.813179969787597656 12.813179969787597656 12.823046684265136719 12.823046684265136719 12.823046684265136719 12.823046684265136719 12.823046684265136719 12.139795303344726562 12.139795303344726562 12.139795303344726562 12.139795303344726562 12.139795303344726562
