vG_Ksat_100cm_BarticaBox_5km.asc
ncols        117
nrows        158
xllcorner    -161906
yllcorner    121774
cellsize     5000
NODATA_value -999
[rows 36 to 53 of 158, columns 41 to 81 of 117]
15.744091033935546875 15.744091033935546875 15.744091033935546875 20.80377197265625 20.80377197265625 20.80377197265625 20.80377197265625 20.80377197265625 20.80377197265625 24.970245361328125 24.970245361328125 24.970245361328125 24.970245361328125 24.970245361328125 27.213056564331054688 27.213056564331054688 27.213056564331054688 27.213056564331054688 27.213056564331054688 27.213056564331054688 26.611444473266601562 26.611444473266601562 26.611444473266601562 26.611444473266601562 26.611444473266601562 23.582172393798828125 23.582172393798828125 23.582172393798828125 23.582172393798828125 23.582172393798828125 23.582172393798828125 20.5211181640625 20.5211181640625 20.5211181640625 20.5211181640625 20.5211181640625 19.16977691650390625 19.16977691650390625 19.16977691650390625 19.16977691650390625 19.16977691650390625
15.744091033935546875 15.744091033935546875 15.744091033935546875 20.80377197265625 20.80377197265625 20.80377197265625 20.80377197265625 20.80377197265625 20.80377197265625 24.970245361328125 24.970245361328125 24.970245361328125 24.970245361328125 24.970245361328125 27.213056564331054688 27.213056564331054688 27.213056564331054688 27.213056564331054688 27.213056564331054688 27.213056564331054688 26.611444473266601562 26.611444473266601562 26.611444473266601562 26.611444473266601562 26.611444473266601562 23.582172393798828125 23.582172393798828125 23.582172393798828125 23.582172393798828125 23.582172393798828125 23.582172393798828125 20.5211181640625 20.5211181640625 20.5211181640625 20.5211181640625 20.5211181640625 19.16977691650390625 19.16977691650390625 19.16977691650390625 19.16977691650390625 19.16977691650390625
15.744091033935546875 15.744091033935546875 15.744091033935546875 20.80377197265625 20.80377197265625 20.80377197265625 20.80377197265625 20.80377197265625 20.80377197265625 24.970245361328125 24.970245361328125 24.970245361328125 24.970245361328125 24.970245361328125 27.213056564331054688 27.213056564331054688 27.213056564331054688 27.213056564331054688 27.213056564331054688 27.213056564331054688 26.611444473266601562 26.611444473266601562 26.611444473266601562 26.611444473266601562 26.611444473266601562 23.582172393798828125 23.582172393798828125 23.582172393798828125 23.582172393798828125 23.582172393798828125 23.582172393798828125 20.5211181640625 20.5211181640625 20.5211181640625 20.5211181640625 20.5211181640625 19.16977691650390625 19.16977691650390625 19.16977691650390625 19.16977691650390625 19.16977691650390625
15.744091033935546875 15.744091033935546875 15.744091033935546875 20.80377197265625 20.80377197265625 20.80377197265625 20.80377197265625 20.80377197265625 20.80377197265625 24.970245361328125 24.970245361328125 24.970245361328125 24.970245361328125 24.970245361328125 27.213056564331054688 27.213056564331054688 27.213056564331054688 27.213056564331054688 27.213056564331054688 27.213056564331054688 26.611444473266601562 26.611444473266601562 26.611444473266601562 26.611444473266601562 26.611444473266601562 23.582172393798828125 23.582172393798828125 23.582172393798828125 23.582172393798828125 23.582172393798828125 23.582172393798828125 20.5211181640625 20.5211181640625 20.5211181640625 20.5211181640625 20.5211181640625 19.16977691650390625 19.16977691650390625 19.16977691650390625 19.16977691650390625 19.16977691650390625
19.110715866088867188 19.110715866088867188 19.110715866088867188 21.695220947265625 21.695220947265625 21.695220947265625 21.695220947265625 21.695220947265625 21.695220947265625 25.889310836791992188 25.889310836791992188 25.889310836791992188 25.889310836791992188 25.889310836791992188 29.2813568115234375 29.2813568115234375 29.2813568115234375 29.2813568115234375 29.2813568115234375 29.2813568115234375 28.239187240600585938 28.239187240600585938 28.239187240600585938 28.239187240600585938 28.239187240600585938 29.679685592651367188 29.679685592651367188 29.679685592651367188 29.679685592651367188 29.679685592651367188 29.679685592651367188 22.303678512573242188 22.303678512573242188 22.303678512573242188 22.303678512573242188 22.303678512573242188 20.231061935424804688 20.231061935424804688 20.231061935424804688 20.231061935424804688 20.231061935424804688
19.110715866088867188 19.110715866088867188 19.110715866088867188 21.695220947265625 21.695220947265625 21.695220947265625 21.695220947265625 21.695220947265625 21.695220947265625 25.889310836791992188 25.889310836791992188 25.889310836791992188 25.889310836791992188 25.889310836791992188 29.2813568115234375 29.2813568115234375 29.2813568115234375 29.2813568115234375 29.2813568115234375 29.2813568115234375 28.239187240600585938 28.239187240600585938 28.239187240600585938 28.239187240600585938 28.239187240600585938 29.679685592651367188 29.679685592651367188 29.679685592651367188 29.679685592651367188 29.679685592651367188 29.679685592651367188 22.303678512573242188 22.303678512573242188 22.303678512573242188 22.303678512573242188 22.303678512573242188 20.231061935424804688 20.231061935424804688 20.231061935424804688 20.231061935424804688 20.231061935424804688
19.110715866088867188 19.110715866088867188 19.110715866088867188 21.695220947265625 21.695220947265625 21.695220947265625 21.695220947265625 21.695220947265625 21.695220947265625 25.889310836791992188 25.889310836791992188 25.889310836791992188 25.889310836791992188 25.889310836791992188 29.2813568115234375 29.2813568115234375 29.2813568115234375 29.2813568115234375 29.2813568115234375 29.2813568115234375 28.239187240600585938 28.239187240600585938 28.239187240600585938 28.239187240600585938 28.239187240600585938 29.679685592651367188 29.679685592651367188 29.679685592651367188 29.679685592651367188 29.679685592651367188 29.679685592651367188 22.303678512573242188 22.303678512573242188 22.303678512573242188 22.303678512573242188 22.303678512573242188 20.231061935424804688 20.231061935424804688 20.231061935424804688 20.231061935424804688 20.231061935424804688
19.110715866088867188 19.110715866088867188 19.110715866088867188 21.695220947265625 21.695220947265625 21.695220947265625 21.695220947265625 21.695220947265625 21.695220947265625 25.889310836791992188 25.889310836791992188 25.889310836791992188 25.889310836791992188 25.889310836791992188 29.2813568115234375 29.2813568115234375 29.2813568115234375 29.2813568115234375 29.2813568115234375 29.2813568115234375 28.239187240600585938 28.239187240600585938 28.239187240600585938 28.239187240600585938 28.239187240600585938 29.679685592651367188 29.679685592651367188 29.679685592651367188 29.679685592651367188 29.679685592651367188 29.679685592651367188 22.303678512573242188 22.303678512573242188 22.303678512573242188 22.303678512573242188 22.303678512573242188 20.231061935424804688 20.231061935424804688 20.231061935424804688 20.231061935424804688 20.231061935424804688
19.110715866088867188 19.110715866088867188 19.110715866088867188 21.695220947265625 21.695220947265625 21.695220947265625 21.695220947265625 21.695220947265625 21.695220947265625 25.889310836791992188 25.889310836791992188 25.889310836791992188 25.889310836791992188 25.889310836791992188 29.2813568115234375 29.2813568115234375 29.2813568115234375 29.2813568115234375 29.2813568115234375 29.2813568115234375 28.239187240600585938 28.239187240600585938 28.239187240600585938 28.239187240600585938 28.239187240600585938 29.679685592651367188 29.679685592651367188 29.679685592651367188 29.679685592651367188 29.679685592651367188 29.679685592651367188 22.303678512573242188 22.303678512573242188 22.303678512573242188 22.303678512573242188 22.303678512573242188 20.231061935424804688 20.231061935424804688 20.231061935424804688 20.231061935424804688 20.231061935424804688
19.110715866088867188 19.110715866088867188 19.110715866088867188 21.695220947265625 21.695220947265625 21.695220947265625 21.695220947265625 21.695220947265625 21.695220947265625 25.889310836791992188 25.889310836791992188 25.889310836791992188 25.889310836791992188 25.889310836791992188 29.2813568115234375 29.2813568115234375 29.2813568115234375 29.2813568115234375 29.2813568115234375 29.2813568115234375 28.239187240600585938 28.239187240600585938 28.239187240600585938 28.239187240600585938 28.239187240600585938 29.679685592651367188 29.679685592651367188 29.679685592651367188 29.679685592651367188 29.679685592651367188 29.679685592651367188 22.303678512573242188 22.303678512573242188 22.303678512573242188 22.303678512573242188 22.303678512573242188 20.231061935424804688 20.231061935424804688 20.231061935424804688 20.231061935424804688 20.231061935424804688
18.462587356567382812 18.462587356567382812 18.462587356567382812 20.289106369018554688 20.289106369018554688 20.289106369018554688 20.289106369018554688 20.289106369018554688 20.289106369018554688 23.142047882080078125 23.142047882080078125 23.142047882080078125 23.142047882080078125 23.142047882080078125 30.964885711669921875 30.964885711669921875 30.964885711669921875 30.964885711669921875 30.964885711669921875 30.964885711669921875 30.9633941650390625 30.9633941650390625 30.9633941650390625 30.9633941650390625 30.9633941650390625 27.756885528564453125 27.756885528564453125 27.756885528564453125 27.756885528564453125 27.756885528564453125 27.756885528564453125 25.187488555908203125 25.187488555908203125 25.187488555908203125 25.187488555908203125 25.187488555908203125 23.48027801513671875 23.48027801513671875 23.48027801513671875 23.48027801513671875 23.48027801513671875
18.462587356567382812 18.462587356567382812 18.462587356567382812 20.289106369018554688 20.289106369018554688 20.289106369018554688 20.289106369018554688 20.289106369018554688 20.289106369018554688 23.142047882080078125 23.142047882080078125 23.142047882080078125 23.142047882080078125 23.142047882080078125 30.964885711669921875 30.964885711669921875 30.964885711669921875 30.964885711669921875 30.964885711669921875 30.964885711669921875 30.9633941650390625 30.9633941650390625 30.9633941650390625 30.9633941650390625 30.9633941650390625 27.756885528564453125 27.756885528564453125 27.756885528564453125 27.756885528564453125 27.756885528564453125 27.756885528564453125 25.187488555908203125 25.187488555908203125 25.187488555908203125 25.187488555908203125 25.187488555908203125 23.48027801513671875 23.48027801513671875 23.48027801513671875 23.48027801513671875 23.48027801513671875
18.462587356567382812 18.462587356567382812 18.462587356567382812 20.289106369018554688 20.289106369018554688 20.289106369018554688 20.289106369018554688 20.289106369018554688 20.289106369018554688 23.142047882080078125 23.142047882080078125 23.142047882080078125 23.142047882080078125 23.142047882080078125 30.964885711669921875 30.964885711669921875 30.964885711669921875 30.964885711669921875 30.964885711669921875 30.964885711669921875 30.9633941650390625 30.9633941650390625 30.9633941650390625 30.9633941650390625 30.9633941650390625 27.756885528564453125 27.756885528564453125 27.756885528564453125 27.756885528564453125 27.756885528564453125 27.756885528564453125 25.187488555908203125 25.187488555908203125 25.187488555908203125 25.187488555908203125 25.187488555908203125 23.48027801513671875 23.48027801513671875 23.48027801513671875 23.48027801513671875 23.48027801513671875
18.462587356567382812 18.462587356567382812 18.462587356567382812 20.289106369018554688 20.289106369018554688 20.289106369018554688 20.289106369018554688 20.289106369018554688 20.289106369018554688 23.142047882080078125 23.142047882080078125 23.142047882080078125 23.142047882080078125 23.142047882080078125 30.964885711669921875 30.964885711669921875 30.964885711669921875 30.964885711669921875 30.964885711669921875 30.964885711669921875 30.9633941650390625 30.9633941650390625 30.9633941650390625 30.9633941650390625 30.9633941650390625 27.756885528564453125 27.756885528564453125 27.756885528564453125 27.756885528564453125 27.756885528564453125 27.756885528564453125 25.187488555908203125 25.187488555908203125 25.187488555908203125 25.187488555908203125 25.187488555908203125 23.48027801513671875 23.48027801513671875 23.48027801513671875 23.48027801513671875 23.48027801513671875
18.462587356567382812 18.462587356567382812 18.462587356567382812 20.289106369018554688 20.289106369018554688 20.289106369018554688 20.289106369018554688 20.289106369018554688 20.289106369018554688 23.142047882080078125 23.142047882080078125 23.142047882080078125 23.142047882080078125 23.142047882080078125 30.964885711669921875 30.964885711669921875 30.964885711669921875 30.964885711669921875 30.964885711669921875 30.964885711669921875 30.9633941650390625 30.9633941650390625 30.9633941650390625 30.9633941650390625 30.9633941650390625 27.756885528564453125 27.756885528564453125 27.756885528564453125 27.756885528564453125 27.756885528564453125 27.756885528564453125 25.187488555908203125 25.187488555908203125 25.187488555908203125 25.187488555908203125 25.187488555908203125 23.48027801513671875 23.48027801513671875 23.48027801513671875 23.48027801513671875 23.48027801513671875
17.280569076538085938 17.280569076538085938 17.280569076538085938 17.5156402587890625 17.5156402587890625 17.5156402587890625 17.5156402587890625 17.5156402587890625 17.5156402587890625 19.988397598266601562 19.988397598266601562 19.988397598266601562 19.988397598266601562 19.988397598266601562 23.223867416381835938 23.223867416381835938 23.223867416381835938 23.223867416381835938 23.223867416381835938 23.223867416381835938 30.949075698852539062 30.949075698852539062 30.949075698852539062 30.949075698852539062 30.949075698852539062 29.140741348266601562 29.140741348266601562 29.140741348266601562 29.140741348266601562 29.140741348266601562 29.140741348266601562 27.222057342529296875 27.222057342529296875 27.222057342529296875 27.222057342529296875 27.222057342529296875 24.471292495727539062 24.471292495727539062 24.471292495727539062 24.471292495727539062 24.471292495727539062
17.280569076538085938 17.280569076538085938 17.280569076538085938 17.5156402587890625 17.5156402587890625 17.5156402587890625 17.5156402587890625 17.5156402587890625 17.5156402587890625 19.988397598266601562 19.988397598266601562 19.988397598266601562 19.988397598266601562 19.988397598266601562 23.223867416381835938 23.223867416381835938 23.223867416381835938 23.223867416381835938 23.223867416381835938 23.223867416381835938 30.949075698852539062 30.949075698852539062 30.949075698852539062 30.949075698852539062 30.949075698852539062 29.140741348266601562 29.140741348266601562 29.140741348266601562 29.140741348266601562 29.140741348266601562 29.140741348266601562 27.222057342529296875 27.222057342529296875 27.222057342529296875 27.222057342529296875 27.222057342529296875 24.471292495727539062 24.471292495727539062 24.471292495727539062 24.471292495727539062 24.471292495727539062
17.280569076538085938 17.280569076538085938 17.280569076538085938 17.5156402587890625 17.5156402587890625 17.5156402587890625 17.5156402587890625 17.5156402587890625 17.5156402587890625 19.988397598266601562 19.988397598266601562 19.988397598266601562 19.988397598266601562 19.988397598266601562 23.223867416381835938 23.223867416381835938 23.223867416381835938 23.223867416381835938 23.223867416381835938 23.223867416381835938 30.949075698852539062 30.949075698852539062 30.949075698852539062 30.949075698852539062 30.949075698852539062 29.140741348266601562 29.140741348266601562 29.140741348266601562 29.140741348266601562 29.140741348266601562 29.140741348266601562 27.222057342529296875 27.222057342529296875 27.222057342529296875 27.222057342529296875 27.222057342529296875 24.471292495727539062 24.471292495727539062 24.471292495727539062 24.471292495727539062 24.471292495727539062
