vG_Ksat_100cm_BarticaBox_5km.asc
ncols        117
nrows        158
xllcorner    -161906
yllcorner    121774
cellsize     5000
NODATA_value -999
[rows 54 to 71 of 158, columns 41 to 81 of 117]
17.280569076538085938 17.280569076538085938 17.280569076538085938 17.5156402587890625 17.5156402587890625 17.5156402587890625 17.5156402587890625 17.5156402587890625 17.5156402587890625 19.988397598266601562 19.988397598266601562 19.988397598266601562 19.988397598266601562 19.988397598266601562 23.223867416381835938 23.223867416381835938 23.223867416381835938 23.223867416381835938 23.223867416381835938 23.223867416381835938 30.949075698852539062 30.949075698852539062 30.949075698852539062 30.949075698852539062 30.949075698852539062 29.140741348266601562 29.140741348266601562 29.140741348266601562 29.140741348266601562 29.140741348266601562 29.140741348266601562 27.222057342529296875 27.222057342529296875 27.222057342529296875 27.222057342529296875 27.222057342529296875 24.471292495727539062 24.471292495727539062 24.471292495727539062 24.471292495727539062 24.471292495727539062
17.280569076538085938 17.280569076538085938 17.280569076538085938 17.5156402587890625 17.5156402587890625 17.5156402587890625 17.5156402587890625 17.5156402587890625 17.5156402587890625 19.988397598266601562 19.988397598266601562 19.988397598266601562 19.988397598266601562 19.988397598266601562 23.223867416381835938 23.223867416381835938 23.223867416381835938 23.223867416381835938 23.223867416381835938 23.223867416381835938 30.949075698852539062 30.949075698852539062 30.949075698852539062 30.949075698852539062 30.949075698852539062 29.140741348266601562 29.140741348266601562 29.140741348266601562 29.140741348266601562 29.140741348266601562 29.140741348266601562 27.222057342529296875 27.222057342529296875 27.222057342529296875 27.222057342529296875 27.222057342529296875 24.471292495727539062 24.471292495727539062 24.471292495727539062 24.471292495727539062 24.471292495727539062
17.280569076538085938 17.280569076538085938 17.280569076538085938 17.5156402587890625 17.5156402587890625 17.5156402587890625 17.5156402587890625 17.5156402587890625 17.5156402587890625 19.988397598266601562 19.988397598266601562 19.988397598266601562 19.988397598266601562 19.988397598266601562 23.223867416381835938 23.223867416381835938 23.223867416381835938 23.223867416381835938 23.223867416381835938 23.223867416381835938 30.949075698852539062 30.949075698852539062 30.949075698852539062 30.949075698852539062 30.949075698852539062 29.140741348266601562 29.140741348266601562 29.140741348266601562 29.140741348266601562 29.140741348266601562 29.140741348266601562 27.222057342529296875 27.222057342529296875 27.222057342529296875 27.222057342529296875 27.222057342529296875 24.471292495727539062 24.471292495727539062 24.471292495727539062 24.471292495727539062 24.471292495727539062
16.600076675415039062 16.600076675415039062 16.600076675415039062 16.571048736572265625 16.571048736572265625 16.571048736572265625 16.571048736572265625 16.571048736572265625 16.571048736572265625 21.044981002807617188 21.044981002807617188 21.044981002807617188 21.044981002807617188 21.044981002807617188 21.432933807373046875 21.432933807373046875 21.432933807373046875 21.432933807373046875 21.432933807373046875 21.432933807373046875 23.946086883544921875 23.946086883544921875 23.946086883544921875 23.946086883544921875 23.946086883544921875 28.9197998046875 28.9197998046875 28.9197998046875 28.9197998046875 28.9197998046875 28.9197998046875 31.272144317626953125 31.272144317626953125 31.272144317626953125 31.272144317626953125 31.272144317626953125 24.77654266357421875 24.77654266357421875 24.77654266357421875 24.77654266357421875 24.77654266357421875
16.600076675415039062 16.600076675415039062 16.600076675415039062 16.571048736572265625 16.571048736572265625 16.571048736572265625 16.571048736572265625 16.571048736572265625 16.571048736572265625 21.044981002807617188 21.044981002807617188 21.044981002807617188 21.044981002807617188 21.044981002807617188 21.432933807373046875 21.432933807373046875 21.432933807373046875 21.432933807373046875 21.432933807373046875 21.432933807373046875 23.946086883544921875 23.946086883544921875 23.946086883544921875 23.946086883544921875 23.946086883544921875 28.9197998046875 28.9197998046875 28.9197998046875 28.9197998046875 28.9197998046875 28.9197998046875 31.272144317626953125 31.272144317626953125 31.272144317626953125 31.272144317626953125 31.272144317626953125 24.77654266357421875 24.77654266357421875 24.77654266357421875 24.77654266357421875 24.77654266357421875
16.600076675415039062 16.600076675415039062 16.600076675415039062 16.571048736572265625 16.571048736572265625 16.571048736572265625 16.571048736572265625 16.571048736572265625 16.571048736572265625 21.044981002807617188 21.044981002807617188 21.044981002807617188 21.044981002807617188 21.044981002807617188 21.432933807373046875 21.432933807373046875 21.432933807373046875 21.432933807373046875 21.432933807373046875 21.432933807373046875 23.946086883544921875 23.946086883544921875 23.946086883544921875 23.946086883544921875 23.946086883544921875 28.9197998046875 28.9197998046875 28.9197998046875 28.9197998046875 28.9197998046875 28.9197998046875 31.272144317626953125 31.272144317626953125 31.272144317626953125 31.272144317626953125 31.272144317626953125 24.77654266357421875 24.77654266357421875 24.77654266357421875 24.77654266357421875 24.77654266357421875
16.600076675415039062 16.600076675415039062 16.600076675415039062 16.571048736572265625 16.571048736572265625 16.571048736572265625 16.571048736572265625 16.571048736572265625 16.571048736572265625 21.044981002807617188 21.044981002807617188 21.044981002807617188 21.044981002807617188 21.044981002807617188 21.432933807373046875 21.432933807373046875 21.432933807373046875 21.432933807373046875 21.432933807373046875 21.432933807373046875 23.946086883544921875 23.946086883544921875 23.946086883544921875 23.946086883544921875 23.946086883544921875 28.9197998046875 28.9197998046875 28.9197998046875 28.9197998046875 28.9197998046875 28.9197998046875 31.272144317626953125 31.272144317626953125 31.272144317626953125 31.272144317626953125 31.272144317626953125 24.77654266357421875 24.77654266357421875 24.77654266357421875 24.77654266357421875 24.77654266357421875
16.600076675415039062 16.600076675415039062 16.600076675415039062 16.571048736572265625 16.571048736572265625 16.571048736572265625 16.571048736572265625 16.571048736572265625 16.571048736572265625 21.044981002807617188 21.044981002807617188 21.044981002807617188 21.044981002807617188 21.044981002807617188 21.432933807373046875 21.432933807373046875 21.432933807373046875 21.432933807373046875 21.432933807373046875 21.432933807373046875 23.946086883544921875 23.946086883544921875 23.946086883544921875 23.946086883544921875 23.946086883544921875 28.9197998046875 28.9197998046875 28.9197998046875 28.9197998046875 28.9197998046875 28.9197998046875 31.272144317626953125 31.272144317626953125 31.272144317626953125 31.272144317626953125 31.272144317626953125 24.77654266357421875 24.77654266357421875 24.77654266357421875 24.77654266357421875 24.77654266357421875
16.600076675415039062 16.600076675415039062 16.600076675415039062 16.571048736572265625 16.571048736572265625 16.571048736572265625 16.571048736572265625 16.571048736572265625 16.571048736572265625 21.044981002807617188 21.044981002807617188 21.044981002807617188 21.044981002807617188 21.044981002807617188 21.432933807373046875 21.432933807373046875 21.432933807373046875 21.432933807373046875 21.432933807373046875 21.432933807373046875 23.946086883544921875 23.946086883544921875 23.946086883544921875 23.946086883544921875 23.946086883544921875 28.9197998046875 28.9197998046875 28.9197998046875 28.9197998046875 28.9197998046875 28.9197998046875 31.272144317626953125 31.272144317626953125 31.272144317626953125 31.272144317626953125 31.272144317626953125 24.77654266357421875 24.77654266357421875 24.77654266357421875 24.77654266357421875 24.77654266357421875
17.653860092163085938 17.653860092163085938 17.653860092163085938 20.045139312744140625 20.045139312744140625 20.045139312744140625 20.045139312744140625 20.045139312744140625 20.045139312744140625 17.7100067138671875 17.7100067138671875 17.7100067138671875 17.7100067138671875 17.7100067138671875 20.766231536865234375 20.766231536865234375 20.766231536865234375 20.766231536865234375 20.766231536865234375 20.766231536865234375 21.478658676147460938 21.478658676147460938 21.478658676147460938 21.478658676147460938 21.478658676147460938 25.775766372680664062 25.775766372680664062 25.775766372680664062 25.775766372680664062 25.775766372680664062 25.775766372680664062 25.800769805908203125 25.800769805908203125 25.800769805908203125 25.800769805908203125 25.800769805908203125 26.365619659423828125 26.365619659423828125 26.365619659423828125 26.365619659423828125 26.365619659423828125
17.653860092163085938 17.653860092163085938 17.653860092163085938 20.045139312744140625 20.045139312744140625 20.045139312744140625 20.045139312744140625 20.045139312744140625 20.045139312744140625 17.7100067138671875 17.7100067138671875 17.7100067138671875 17.7100067138671875 17.7100067138671875 20.766231536865234375 20.766231536865234375 20.766231536865234375 20.766231536865234375 20.766231536865234375 20.766231536865234375 21.478658676147460938 21.478658676147460938 21.478658676147460938 21.478658676147460938 21.478658676147460938 25.775766372680664062 25.775766372680664062 25.775766372680664062 25.775766372680664062 25.775766372680664062 25.775766372680664062 25.800769805908203125 25.800769805908203125 25.800769805908203125 25.800769805908203125 25.800769805908203125 26.365619659423828125 26.365619659423828125 26.365619659423828125 26.365619659423828125 26.365619659423828125
17.653860092163085938 17.653860092163085938 17.653860092163085938 20.045139312744140625 20.045139312744140625 20.045139312744140625 20.045139312744140625 20.045139312744140625 20.045139312744140625 17.7100067138671875 17.7100067138671875 17.7100067138671875 17.7100067138671875 17.7100067138671875 20.766231536865234375 20.766231536865234375 20.766231536865234375 20.766231536865234375 20.766231536865234375 20.766231536865234375 21.478658676147460938 21.478658676147460938 21.478658676147460938 21.478658676147460938 21.478658676147460938 25.775766372680664062 25.775766372680664062 25.775766372680664062 25.775766372680664062 25.775766372680664062 25.775766372680664062 25.800769805908203125 25.800769805908203125 25.800769805908203125 25.800769805908203125 25.800769805908203125 26.365619659423828125 26.365619659423828125 26.365619659423828125 26.365619659423828125 26.365619659423828125
17.653860092163085938 17.653860092163085938 17.653860092163085938 20.045139312744140625 20.045139312744140625 20.045139312744140625 20.045139312744140625 20.045139312744140625 20.045139312744140625 17.7100067138671875 17.7100067138671875 17.7100067138671875 17.7100067138671875 17.7100067138671875 20.766231536865234375 20.766231536865234375 20.766231536865234375 20.766231536865234375 20.766231536865234375 20.766231536865234375 21.478658676147460938 21.478658676147460938 21.478658676147460938 21.478658676147460938 21.478658676147460938 25.775766372680664062 25.775766372680664062 25.775766372680664062 25.775766372680664062 25.775766372680664062 25.775766372680664062 25.800769805908203125 25.800769805908203125 25.800769805908203125 25.800769805908203125 25.800769805908203125 26.365619659423828125 26.365619659423828125 26.365619659423828125 26.365619659423828125 26.365619659423828125
17.653860092163085938 17.653860092163085938 17.653860092163085938 20.045139312744140625 20.045139312744140625 20.045139312744140625 20.045139312744140625 20.045139312744140625 20.045139312744140625 17.7100067138671875 17.7100067138671875 17.7100067138671875 17.7100067138671875 17.7100067138671875 20.766231536865234375 20.766231536865234375 20.766231536865234375 20.766231536865234375 20.766231536865234375 20.766231536865234375 21.478658676147460938 21.478658676147460938 21.478658676147460938 21.478658676147460938 21.478658676147460938 25.775766372680664062 25.775766372680664062 25.775766372680664062 25.775766372680664062 25.775766372680664062 25.775766372680664062 25.800769805908203125 25.800769805908203125 25.800769805908203125 25.800769805908203125 25.800769805908203125 26.365619659423828125 26.365619659423828125 26.365619659423828125 26.365619659423828125 26.365619659423828125
14.547869682312011719 14.547869682312011719 14.547869682312011719 19.89232635498046875 19.89232635498046875 19.89232635498046875 19.89232635498046875 19.89232635498046875 19.89232635498046875 19.401548385620117188 19.401548385620117188 19.401548385620117188 19.401548385620117188 19.401548385620117188 16.0274810791015625 16.0274810791015625 16.0274810791015625 16.0274810791015625 16.0274810791015625 16.0274810791015625 20.772619247436523438 20.772619247436523438 20.772619247436523438 20.772619247436523438 20.772619247436523438 24.0367279052734375 24.0367279052734375 24.0367279052734375 24.0367279052734375 24.0367279052734375 24.0367279052734375 24.838037490844726562 24.838037490844726562 24.838037490844726562 24.838037490844726562 24.838037490844726562 24.294206619262695312 24.294206619262695312 24.294206619262695312 24.294206619262695312 24.294206619262695312
14.547869682312011719 14.547869682312011719 14.547869682312011719 19.89232635498046875 19.89232635498046875 19.89232635498046875 19.89232635498046875 19.89232635498046875 19.89232635498046875 19.401548385620117188 19.401548385620117188 19.401548385620117188 19.401548385620117188 19.401548385620117188 16.0274810791015625 16.0274810791015625 16.0274810791015625 16.0274810791015625 16.0274810791015625 16.0274810791015625 20.772619247436523438 20.772619247436523438 20.772619247436523438 20.772619247436523438 20.772619247436523438 24.0367279052734375 24.0367279052734375 24.0367279052734375 24.0367279052734375 24.0367279052734375 24.0367279052734375 24.838037490844726562 24.838037490844726562 24.838037490844726562 24.838037490844726562 24.838037490844726562 24.294206619262695312 24.294206619262695312 24.294206619262695312 24.294206619262695312 24.294206619262695312
14.547869682312011719 14.547869682312011719 14.547869682312011719 19.89232635498046875 19.89232635498046875 19.89232635498046875 19.89232635498046875 19.89232635498046875 19.89232635498046875 19.401548385620117188 19.401548385620117188 19.401548385620117188 19.401548385620117188 19.401548385620117188 16.0274810791015625 16.0274810791015625 16.0274810791015625 16.0274810791015625 16.0274810791015625 16.0274810791015625 20.772619247436523438 20.772619247436523438 20.772619247436523438 20.772619247436523438 20.772619247436523438 24.0367279052734375 24.0367279052734375 24.0367279052734375 24.0367279052734375 24.0367279052734375 24.0367279052734375 24.838037490844726562 24.838037490844726562 24.838037490844726562 24.838037490844726562 24.838037490844726562 24.294206619262695312 24.294206619262695312 24.294206619262695312 24.294206619262695312 24.294206619262695312
14.547869682312011719 14.547869682312011719 14.547869682312011719 19.89232635498046875 19.89232635498046875 19.89232635498046875 19.89232635498046875 19.89232635498046875 19.89232635498046875 19.401548385620117188 19.401548385620117188 19.401548385620117188 19.401548385620117188 19.401548385620117188 16.0274810791015625 16.0274810791015625 16.0274810791015625 16.0274810791015625 16.0274810791015625 16.0274810791015625 20.772619247436523438 20.772619247436523438 20.772619247436523438 20.772619247436523438 20.772619247436523438 24.0367279052734375 24.0367279052734375 24.0367279052734375 24.0367279052734375 24.0367279052734375 24.0367279052734375 24.838037490844726562 24.838037490844726562 24.838037490844726562 24.838037490844726562 24.838037490844726562 24.294206619262695312 24.294206619262695312 24.294206619262695312 24.294206619262695312 24.294206619262695312
