vG_n_100cm_BarticaBox_5km.asc
ncols        117
nrows        158
xllcorner    -161906
yllcorner    121774
cellsize     5000
NODATA_value -999
[rows 54 to 71 of 158, columns 0 to 39 of 117]
1.3422588109970092773 1.3422588109970092773 1.3422588109970092773 1.3422588109970092773 1.3422588109970092773 1.3422588109970092773 1.3841511011123657227 1.3841511011123657227 1.3841511011123657227 1.3841511011123657227 1.3841511011123657227 1.3943496942520141602 1.3943496942520141602 1.3943496942520141602 1.3943496942520141602 1.3943496942520141602 1.3943496942520141602 1.3695586919784545898 1.3695586919784545898 1.3695586919784545898 1.3695586919784545898 1.3695586919784545898 1.3706878423690795898 1.3706878423690795898 1.3706878423690795898 1.3706878423690795898 1.3706878423690795898 1.3706878423690795898 1.3710224628448486328 1.3710224628448486328 1.3710224628448486328 1.3710224628448486328 1.3710224628448486328 1.3733505010604858398 1.3733505010604858398 1.3733505010604858398 1.3733505010604858398 1.3733505010604858398 1.3733505010604858398 1.3606818914413452148
1.3422588109970092773 1.3422588109970092773 1.3422588109970092773 1.3422588109970092773 1.3422588109970092773 1.3422588109970092773 1.3841511011123657227 1.3841511011123657227 1.3841511011123657227 1.3841511011123657227 1.3841511011123657227 1.3943496942520141602 1.3943496942520141602 1.3943496942520141602 1.3943496942520141602 1.3943496942520141602 1.3943496942520141602 1.3695586919784545898 1.3695586919784545898 1.3695586919784545898 1.3695586919784545898 1.3695586919784545898 1.3706878423690795898 1.3706878423690795898 1.3706878423690795898 1.3706878423690795898 1.3706878423690795898 1.3706878423690795898 1.3710224628448486328 1.3710224628448486328 1.3710224628448486328 1.3710224628448486328 1.3710224628448486328 1.3733505010604858398 1.3733505010604858398 1.3733505010604858398 1.3733505010604858398 1.3733505010604858398 1.3733505010604858398 1.3606818914413452148
1.3422588109970092773 1.3422588109970092773 1.3422588109970092773 1.3422588109970092773 1.3422588109970092773 1.3422588109970092773 1.3841511011123657227 1.3841511011123657227 1.3841511011123657227 1.3841511011123657227 1.3841511011123657227 1.3943496942520141602 1.3943496942520141602 1.3943496942520141602 1.3943496942520141602 1.3943496942520141602 1.3943496942520141602 1.3695586919784545898 1.3695586919784545898 1.3695586919784545898 1.3695586919784545898 1.3695586919784545898 1.3706878423690795898 1.3706878423690795898 1.3706878423690795898 1.3706878423690795898 1.3706878423690795898 1.3706878423690795898 1.3710224628448486328 1.3710224628448486328 1.3710224628448486328 1.3710224628448486328 1.3710224628448486328 1.3733505010604858398 1.3733505010604858398 1.3733505010604858398 1.3733505010604858398 1.3733505010604858398 1.3733505010604858398 1.3606818914413452148
1.3379093408584594727 1.3379093408584594727 1.3379093408584594727 1.3379093408584594727 1.3379093408584594727 1.3379093408584594727 1.3606015443801879883 1.3606015443801879883 1.3606015443801879883 1.3606015443801879883 1.3606015443801879883 1.3606680631637573242 1.3606680631637573242 1.3606680631637573242 1.3606680631637573242 1.3606680631637573242 1.3606680631637573242 1.3647289276123046875 1.3647289276123046875 1.3647289276123046875 1.3647289276123046875 1.3647289276123046875 1.3650666475296020508 1.3650666475296020508 1.3650666475296020508 1.3650666475296020508 1.3650666475296020508 1.3650666475296020508 1.3471966981887817383 1.3471966981887817383 1.3471966981887817383 1.3471966981887817383 1.3471966981887817383 1.3421511650085449219 1.3421511650085449219 1.3421511650085449219 1.3421511650085449219 1.3421511650085449219 1.3421511650085449219 1.3523278236389160156
1.3379093408584594727 1.3379093408584594727 1.3379093408584594727 1.3379093408584594727 1.3379093408584594727 1.3379093408584594727 1.3606015443801879883 1.3606015443801879883 1.3606015443801879883 1.3606015443801879883 1.3606015443801879883 1.3606680631637573242 1.3606680631637573242 1.3606680631637573242 1.3606680631637573242 1.3606680631637573242 1.3606680631637573242 1.3647289276123046875 1.3647289276123046875 1.3647289276123046875 1.3647289276123046875 1.3647289276123046875 1.3650666475296020508 1.3650666475296020508 1.3650666475296020508 1.3650666475296020508 1.3650666475296020508 1.3650666475296020508 1.3471966981887817383 1.3471966981887817383 1.3471966981887817383 1.3471966981887817383 1.3471966981887817383 1.3421511650085449219 1.3421511650085449219 1.3421511650085449219 1.3421511650085449219 1.3421511650085449219 1.3421511650085449219 1.3523278236389160156
1.3379093408584594727 1.3379093408584594727 1.3379093408584594727 1.3379093408584594727 1.3379093408584594727 1.3379093408584594727 1.3606015443801879883 1.3606015443801879883 1.3606015443801879883 1.3606015443801879883 1.3606015443801879883 1.3606680631637573242 1.3606680631637573242 1.3606680631637573242 1.3606680631637573242 1.3606680631637573242 1.3606680631637573242 1.3647289276123046875 1.3647289276123046875 1.3647289276123046875 1.3647289276123046875 1.3647289276123046875 1.3650666475296020508 1.3650666475296020508 1.3650666475296020508 1.3650666475296020508 1.3650666475296020508 1.3650666475296020508 1.3471966981887817383 1.3471966981887817383 1.3471966981887817383 1.3471966981887817383 1.3471966981887817383 1.3421511650085449219 1.3421511650085449219 1.3421511650085449219 1.3421511650085449219 1.3421511650085449219 1.3421511650085449219 1.3523278236389160156
1.3379093408584594727 1.3379093408584594727 1.3379093408584594727 1.3379093408584594727 1.3379093408584594727 1.3379093408584594727 1.3606015443801879883 1.3606015443801879883 1.3606015443801879883 1.3606015443801879883 1.3606015443801879883 1.3606680631637573242 1.3606680631637573242 1.3606680631637573242 1.3606680631637573242 1.3606680631637573242 1.3606680631637573242 1.3647289276123046875 1.3647289276123046875 1.3647289276123046875 1.3647289276123046875 1.3647289276123046875 1.3650666475296020508 1.3650666475296020508 1.3650666475296020508 1.3650666475296020508 1.3650666475296020508 1.3650666475296020508 1.3471966981887817383 1.3471966981887817383 1.3471966981887817383 1.3471966981887817383 1.3471966981887817383 1.3421511650085449219 1.3421511650085449219 1.3421511650085449219 1.3421511650085449219 1.3421511650085449219 1.3421511650085449219 1.3523278236389160156
1.3379093408584594727 1.3379093408584594727 1.3379093408584594727 1.3379093408584594727 1.3379093408584594727 1.3379093408584594727 1.3606015443801879883 1.3606015443801879883 1.3606015443801879883 1.3606015443801879883 1.3606015443801879883 1.3606680631637573242 1.3606680631637573242 1.3606680631637573242 1.3606680631637573242 1.3606680631637573242 1.3606680631637573242 1.3647289276123046875 1.3647289276123046875 1.3647289276123046875 1.3647289276123046875 1.3647289276123046875 1.3650666475296020508 1.3650666475296020508 1.3650666475296020508 1.3650666475296020508 1.3650666475296020508 1.3650666475296020508 1.3471966981887817383 1.3471966981887817383 1.3471966981887817383 1.3471966981887817383 1.3471966981887817383 1.3421511650085449219 1.3421511650085449219 1.3421511650085449219 1.3421511650085449219 1.3421511650085449219 1.3421511650085449219 1.3523278236389160156
1.3379093408584594727 1.3379093408584594727 1.3379093408584594727 1.3379093408584594727 1.3379093408584594727 1.3379093408584594727 1.3606015443801879883 1.3606015443801879883 1.3606015443801879883 1.3606015443801879883 1.3606015443801879883 1.3606680631637573242 1.3606680631637573242 1.3606680631637573242 1.3606680631637573242 1.3606680631637573242 1.3606680631637573242 1.3647289276123046875 1.3647289276123046875 1.3647289276123046875 1.3647289276123046875 1.3647289276123046875 1.3650666475296020508 1.3650666475296020508 1.3650666475296020508 1.3650666475296020508 1.3650666475296020508 1.3650666475296020508 1.3471966981887817383 1.3471966981887817383 1.3471966981887817383 1.3471966981887817383 1.3471966981887817383 1.3421511650085449219 1.3421511650085449219 1.3421511650085449219 1.3421511650085449219 1.3421511650085449219 1.3421511650085449219 1.3523278236389160156
1.331577301025390625 1.331577301025390625 1.331577301025390625 1.331577301025390625 1.331577301025390625 1.331577301025390625 1.3453863859176635742 1.3453863859176635742 1.3453863859176635742 1.3453863859176635742 1.3453863859176635742 1.3831689357757568359 1.3831689357757568359 1.3831689357757568359 1.3831689357757568359 1.3831689357757568359 1.3831689357757568359 1.4275445938110351562 1.4275445938110351562 1.4275445938110351562 1.4275445938110351562 1.4275445938110351562 1.3744105100631713867 1.3744105100631713867 1.3744105100631713867 1.3744105100631713867 1.3744105100631713867 1.3744105100631713867 1.359114527702331543 1.359114527702331543 1.359114527702331543 1.359114527702331543 1.359114527702331543 1.3470863103866577148 1.3470863103866577148 1.3470863103866577148 1.3470863103866577148 1.3470863103866577148 1.3470863103866577148 1.3626551628112792969
1.331577301025390625 1.331577301025390625 1.331577301025390625 1.331577301025390625 1.331577301025390625 1.331577301025390625 1.3453863859176635742 1.3453863859176635742 1.3453863859176635742 1.3453863859176635742 1.3453863859176635742 1.3831689357757568359 1.3831689357757568359 1.3831689357757568359 1.3831689357757568359 1.3831689357757568359 1.3831689357757568359 1.4275445938110351562 1.4275445938110351562 1.4275445938110351562 1.4275445938110351562 1.4275445938110351562 1.3744105100631713867 1.3744105100631713867 1.3744105100631713867 1.3744105100631713867 1.3744105100631713867 1.3744105100631713867 1.359114527702331543 1.359114527702331543 1.359114527702331543 1.359114527702331543 1.359114527702331543 1.3470863103866577148 1.3470863103866577148 1.3470863103866577148 1.3470863103866577148 1.3470863103866577148 1.3470863103866577148 1.3626551628112792969
1.331577301025390625 1.331577301025390625 1.331577301025390625 1.331577301025390625 1.331577301025390625 1.331577301025390625 1.3453863859176635742 1.3453863859176635742 1.3453863859176635742 1.3453863859176635742 1.3453863859176635742 1.3831689357757568359 1.3831689357757568359 1.3831689357757568359 1.3831689357757568359 1.3831689357757568359 1.3831689357757568359 1.4275445938110351562 1.4275445938110351562 1.4275445938110351562 1.4275445938110351562 1.4275445938110351562 1.3744105100631713867 1.3744105100631713867 1.3744105100631713867 1.3744105100631713867 1.3744105100631713867 1.3744105100631713867 1.359114527702331543 1.359114527702331543 1.359114527702331543 1.359114527702331543 1.359114527702331543 1.3470863103866577148 1.3470863103866577148 1.3470863103866577148 1.3470863103866577148 1.3470863103866577148 1.3470863103866577148 1.3626551628112792969
1.331577301025390625 1.331577301025390625 1.331577301025390625 1.331577301025390625 1.331577301025390625 1.331577301025390625 1.3453863859176635742 1.3453863859176635742 1.3453863859176635742 1.3453863859176635742 1.3453863859176635742 1.3831689357757568359 1.3831689357757568359 1.3831689357757568359 1.3831689357757568359 1.3831689357757568359 1.3831689357757568359 1.4275445938110351562 1.4275445938110351562 1.4275445938110351562 1.4275445938110351562 1.4275445938110351562 1.3744105100631713867 1.3744105100631713867 1.3744105100631713867 1.3744105100631713867 1.3744105100631713867 1.3744105100631713867 1.359114527702331543 1.359114527702331543 1.359114527702331543 1.359114527702331543 1.359114527702331543 1.3470863103866577148 1.3470863103866577148 1.3470863103866577148 1.3470863103866577148 1.3470863103866577148 1.3470863103866577148 1.3626551628112792969
1.331577301025390625 1.331577301025390625 1.331577301025390625 1.331577301025390625 1.331577301025390625 1.331577301025390625 1.3453863859176635742 1.3453863859176635742 1.3453863859176635742 1.3453863859176635742 1.3453863859176635742 1.3831689357757568359 1.3831689357757568359 1.3831689357757568359 1.3831689357757568359 1.3831689357757568359 1.3831689357757568359 1.4275445938110351562 1.4275445938110351562 1.4275445938110351562 1.4275445938110351562 1.4275445938110351562 1.3744105100631713867 1.3744105100631713867 1.3744105100631713867 1.3744105100631713867 1.3744105100631713867 1.3744105100631713867 1.359114527702331543 1.359114527702331543 1.359114527702331543 1.359114527702331543 1.359114527702331543 1.3470863103866577148 1.3470863103866577148 1.3470863103866577148 1.3470863103866577148 1.3470863103866577148 1.3470863103866577148 1.3626551628112792969
1.3422634601593017578 1.3422634601593017578 1.3422634601593017578 1.3422634601593017578 1.3422634601593017578 1.3422634601593017578 1.3511215448379516602 1.3511215448379516602 1.3511215448379516602 1.3511215448379516602 1.3511215448379516602 1.3737581968307495117 1.3737581968307495117 1.3737581968307495117 1.3737581968307495117 1.3737581968307495117 1.3737581968307495117 1.3912879228591918945 1.3912879228591918945 1.3912879228591918945 1.3912879228591918945 1.3912879228591918945 1.3629072904586791992 1.3629072904586791992 1.3629072904586791992 1.3629072904586791992 1.3629072904586791992 1.3629072904586791992 1.3635102510452270508 1.3635102510452270508 1.3635102510452270508 1.3635102510452270508 1.3635102510452270508 1.3443976640701293945 1.3443976640701293945 1.3443976640701293945 1.3443976640701293945 1.3443976640701293945 1.3443976640701293945 1.3450481891632080078
1.3422634601593017578 1.3422634601593017578 1.3422634601593017578 1.3422634601593017578 1.3422634601593017578 1.3422634601593017578 1.3511215448379516602 1.3511215448379516602 1.3511215448379516602 1.3511215448379516602 1.3511215448379516602 1.3737581968307495117 1.3737581968307495117 1.3737581968307495117 1.3737581968307495117 1.3737581968307495117 1.3737581968307495117 1.3912879228591918945 1.3912879228591918945 1.3912879228591918945 1.3912879228591918945 1.3912879228591918945 1.3629072904586791992 1.3629072904586791992 1.3629072904586791992 1.3629072904586791992 1.3629072904586791992 1.3629072904586791992 1.3635102510452270508 1.3635102510452270508 1.3635102510452270508 1.3635102510452270508 1.3635102510452270508 1.3443976640701293945 1.3443976640701293945 1.3443976640701293945 1.3443976640701293945 1.3443976640701293945 1.3443976640701293945 1.3450481891632080078
1.3422634601593017578 1.3422634601593017578 1.3422634601593017578 1.3422634601593017578 1.3422634601593017578 1.3422634601593017578 1.3511215448379516602 1.3511215448379516602 1.3511215448379516602 1.3511215448379516602 1.3511215448379516602 1.3737581968307495117 1.3737581968307495117 1.3737581968307495117 1.3737581968307495117 1.3737581968307495117 1.3737581968307495117 1.3912879228591918945 1.3912879228591918945 1.3912879228591918945 1.3912879228591918945 1.3912879228591918945 1.3629072904586791992 1.3629072904586791992 1.3629072904586791992 1.3629072904586791992 1.3629072904586791992 1.3629072904586791992 1.3635102510452270508 1.3635102510452270508 1.3635102510452270508 1.3635102510452270508 1.3635102510452270508 1.3443976640701293945 1.3443976640701293945 1.3443976640701293945 1.3443976640701293945 1.3443976640701293945 1.3443976640701293945 1.3450481891632080078
1.3422634601593017578 1.3422634601593017578 1.3422634601593017578 1.3422634601593017578 1.3422634601593017578 1.3422634601593017578 1.3511215448379516602 1.3511215448379516602 1.3511215448379516602 1.3511215448379516602 1.3511215448379516602 1.3737581968307495117 1.3737581968307495117 1.3737581968307495117 1.3737581968307495117 1.3737581968307495117 1.3737581968307495117 1.3912879228591918945 1.3912879228591918945 1.3912879228591918945 1.3912879228591918945 1.3912879228591918945 1.3629072904586791992 1.3629072904586791992 1.3629072904586791992 1.3629072904586791992 1.3629072904586791992 1.3629072904586791992 1.3635102510452270508 1.3635102510452270508 1.3635102510452270508 1.3635102510452270508 1.3635102510452270508 1.3443976640701293945 1.3443976640701293945 1.3443976640701293945 1.3443976640701293945 1.3443976640701293945 1.3443976640701293945 1.3450481891632080078
