vG_n_100cm_BarticaBox_5km.asc
ncols        117
nrows        158
xllcorner    -161906
yllcorner    121774
cellsize     5000
NODATA_value -999
[rows 108 to 125 of 158, columns 40 to 79 of 117]
1.3002498149871826172 1.3002498149871826172 1.3002498149871826172 1.3002498149871826172 1.3097497224807739258 1.3097497224807739258 1.3097497224807739258 1.3097497224807739258 1.3097497224807739258 1.3097497224807739258 1.3175725936889648438 1.3175725936889648438 1.3175725936889648438 1.3175725936889648438 1.3175725936889648438 1.3195060491561889648 1.3195060491561889648 1.3195060491561889648 1.3195060491561889648 1.3195060491561889648 1.3195060491561889648 1.3280763626098632812 1.3280763626098632812 1.3280763626098632812 1.3280763626098632812 1.3280763626098632812 1.3503570556640625 1.3503570556640625 1.3503570556640625 1.3503570556640625 1.3503570556640625 1.3503570556640625 1.3396737575531005859 1.3396737575531005859 1.3396737575531005859 1.3396737575531005859 1.3396737575531005859 1.3206495046615600586 1.3206495046615600586 1.3206495046615600586
1.3002498149871826172 1.3002498149871826172 1.3002498149871826172 1.3002498149871826172 1.3097497224807739258 1.3097497224807739258 1.3097497224807739258 1.3097497224807739258 1.3097497224807739258 1.3097497224807739258 1.3175725936889648438 1.3175725936889648438 1.3175725936889648438 1.3175725936889648438 1.3175725936889648438 1.3195060491561889648 1.3195060491561889648 1.3195060491561889648 1.3195060491561889648 1.3195060491561889648 1.3195060491561889648 1.3280763626098632812 1.3280763626098632812 1.3280763626098632812 1.3280763626098632812 1.3280763626098632812 1.3503570556640625 1.3503570556640625 1.3503570556640625 1.3503570556640625 1.3503570556640625 1.3503570556640625 1.3396737575531005859 1.3396737575531005859 1.3396737575531005859 1.3396737575531005859 1.3396737575531005859 1.3206495046615600586 1.3206495046615600586 1.3206495046615600586
1.3002498149871826172 1.3002498149871826172 1.3002498149871826172 1.3002498149871826172 1.3097497224807739258 1.3097497224807739258 1.3097497224807739258 1.3097497224807739258 1.3097497224807739258 1.3097497224807739258 1.3175725936889648438 1.3175725936889648438 1.3175725936889648438 1.3175725936889648438 1.3175725936889648438 1.3195060491561889648 1.3195060491561889648 1.3195060491561889648 1.3195060491561889648 1.3195060491561889648 1.3195060491561889648 1.3280763626098632812 1.3280763626098632812 1.3280763626098632812 1.3280763626098632812 1.3280763626098632812 1.3503570556640625 1.3503570556640625 1.3503570556640625 1.3503570556640625 1.3503570556640625 1.3503570556640625 1.3396737575531005859 1.3396737575531005859 1.3396737575531005859 1.3396737575531005859 1.3396737575531005859 1.3206495046615600586 1.3206495046615600586 1.3206495046615600586
1.3002498149871826172 1.3002498149871826172 1.3002498149871826172 1.3002498149871826172 1.3097497224807739258 1.3097497224807739258 1.3097497224807739258 1.3097497224807739258 1.3097497224807739258 1.3097497224807739258 1.3175725936889648438 1.3175725936889648438 1.3175725936889648438 1.3175725936889648438 1.3175725936889648438 1.3195060491561889648 1.3195060491561889648 1.3195060491561889648 1.3195060491561889648 1.3195060491561889648 1.3195060491561889648 1.3280763626098632812 1.3280763626098632812 1.3280763626098632812 1.3280763626098632812 1.3280763626098632812 1.3503570556640625 1.3503570556640625 1.3503570556640625 1.3503570556640625 1.3503570556640625 1.3503570556640625 1.3396737575531005859 1.3396737575531005859 1.3396737575531005859 1.3396737575531005859 1.3396737575531005859 1.3206495046615600586 1.3206495046615600586 1.3206495046615600586
1.3002498149871826172 1.3002498149871826172 1.3002498149871826172 1.3002498149871826172 1.3097497224807739258 1.3097497224807739258 1.3097497224807739258 1.3097497224807739258 1.3097497224807739258 1.3097497224807739258 1.3175725936889648438 1.3175725936889648438 1.3175725936889648438 1.3175725936889648438 1.3175725936889648438 1.3195060491561889648 1.3195060491561889648 1.3195060491561889648 1.3195060491561889648 1.3195060491561889648 1.3195060491561889648 1.3280763626098632812 1.3280763626098632812 1.3280763626098632812 1.3280763626098632812 1.3280763626098632812 1.3503570556640625 1.3503570556640625 1.3503570556640625 1.3503570556640625 1.3503570556640625 1.3503570556640625 1.3396737575531005859 1.3396737575531005859 1.3396737575531005859 1.3396737575531005859 1.3396737575531005859 1.3206495046615600586 1.3206495046615600586 1.3206495046615600586
1.3202446699142456055 1.3202446699142456055 1.3202446699142456055 1.3202446699142456055 1.3017863035202026367 1.3017863035202026367 1.3017863035202026367 1.3017863035202026367 1.3017863035202026367 1.3017863035202026367 1.3151068687438964844 1.3151068687438964844 1.3151068687438964844 1.3151068687438964844 1.3151068687438964844 1.3098020553588867188 1.3098020553588867188 1.3098020553588867188 1.3098020553588867188 1.3098020553588867188 1.3098020553588867188 1.3281203508377075195 1.3281203508377075195 1.3281203508377075195 1.3281203508377075195 1.3281203508377075195 1.342660069465637207 1.342660069465637207 1.342660069465637207 1.342660069465637207 1.342660069465637207 1.342660069465637207 1.3293046951293945312 1.3293046951293945312 1.3293046951293945312 1.3293046951293945312 1.3293046951293945312 1.3160870075225830078 1.3160870075225830078 1.3160870075225830078
1.3202446699142456055 1.3202446699142456055 1.3202446699142456055 1.3202446699142456055 1.3017863035202026367 1.3017863035202026367 1.3017863035202026367 1.3017863035202026367 1.3017863035202026367 1.3017863035202026367 1.3151068687438964844 1.3151068687438964844 1.3151068687438964844 1.3151068687438964844 1.3151068687438964844 1.3098020553588867188 1.3098020553588867188 1.3098020553588867188 1.3098020553588867188 1.3098020553588867188 1.3098020553588867188 1.3281203508377075195 1.3281203508377075195 1.3281203508377075195 1.3281203508377075195 1.3281203508377075195 1.342660069465637207 1.342660069465637207 1.342660069465637207 1.342660069465637207 1.342660069465637207 1.342660069465637207 1.3293046951293945312 1.3293046951293945312 1.3293046951293945312 1.3293046951293945312 1.3293046951293945312 1.3160870075225830078 1.3160870075225830078 1.3160870075225830078
1.3202446699142456055 1.3202446699142456055 1.3202446699142456055 1.3202446699142456055 1.3017863035202026367 1.3017863035202026367 1.3017863035202026367 1.3017863035202026367 1.3017863035202026367 1.3017863035202026367 1.3151068687438964844 1.3151068687438964844 1.3151068687438964844 1.3151068687438964844 1.3151068687438964844 1.3098020553588867188 1.3098020553588867188 1.3098020553588867188 1.3098020553588867188 1.3098020553588867188 1.3098020553588867188 1.3281203508377075195 1.3281203508377075195 1.3281203508377075195 1.3281203508377075195 1.3281203508377075195 1.342660069465637207 1.342660069465637207 1.342660069465637207 1.342660069465637207 1.342660069465637207 1.342660069465637207 1.3293046951293945312 1.3293046951293945312 1.3293046951293945312 1.3293046951293945312 1.3293046951293945312 1.3160870075225830078 1.3160870075225830078 1.3160870075225830078
1.3202446699142456055 1.3202446699142456055 1.3202446699142456055 1.3202446699142456055 1.3017863035202026367 1.3017863035202026367 1.3017863035202026367 1.3017863035202026367 1.3017863035202026367 1.3017863035202026367 1.3151068687438964844 1.3151068687438964844 1.3151068687438964844 1.3151068687438964844 1.3151068687438964844 1.3098020553588867188 1.3098020553588867188 1.3098020553588867188 1.3098020553588867188 1.3098020553588867188 1.3098020553588867188 1.3281203508377075195 1.3281203508377075195 1.3281203508377075195 1.3281203508377075195 1.3281203508377075195 1.342660069465637207 1.342660069465637207 1.342660069465637207 1.342660069465637207 1.342660069465637207 1.342660069465637207 1.3293046951293945312 1.3293046951293945312 1.3293046951293945312 1.3293046951293945312 1.3293046951293945312 1.3160870075225830078 1.3160870075225830078 1.3160870075225830078
1.3202446699142456055 1.3202446699142456055 1.3202446699142456055 1.3202446699142456055 1.3017863035202026367 1.3017863035202026367 1.3017863035202026367 1.3017863035202026367 1.3017863035202026367 1.3017863035202026367 1.3151068687438964844 1.3151068687438964844 1.3151068687438964844 1.3151068687438964844 1.3151068687438964844 1.3098020553588867188 1.3098020553588867188 1.3098020553588867188 1.3098020553588867188 1.3098020553588867188 1.3098020553588867188 1.3281203508377075195 1.3281203508377075195 1.3281203508377075195 1.3281203508377075195 1.3281203508377075195 1.342660069465637207 1.342660069465637207 1.342660069465637207 1.342660069465637207 1.342660069465637207 1.342660069465637207 1.3293046951293945312 1.3293046951293945312 1.3293046951293945312 1.3293046951293945312 1.3293046951293945312 1.3160870075225830078 1.3160870075225830078 1.3160870075225830078
1.3202446699142456055 1.3202446699142456055 1.3202446699142456055 1.3202446699142456055 1.3017863035202026367 1.3017863035202026367 1.3017863035202026367 1.3017863035202026367 1.3017863035202026367 1.3017863035202026367 1.3151068687438964844 1.3151068687438964844 1.3151068687438964844 1.3151068687438964844 1.3151068687438964844 1.3098020553588867188 1.3098020553588867188 1.3098020553588867188 1.3098020553588867188 1.3098020553588867188 1.3098020553588867188 1.3281203508377075195 1.3281203508377075195 1.3281203508377075195 1.3281203508377075195 1.3281203508377075195 1.342660069465637207 1.342660069465637207 1.342660069465637207 1.342660069465637207 1.342660069465637207 1.342660069465637207 1.3293046951293945312 1.3293046951293945312 1.3293046951293945312 1.3293046951293945312 1.3293046951293945312 1.3160870075225830078 1.3160870075225830078 1.3160870075225830078
1.3294442892074584961 1.3294442892074584961 1.3294442892074584961 1.3294442892074584961 1.328051447868347168 1.328051447868347168 1.328051447868347168 1.328051447868347168 1.328051447868347168 1.328051447868347168 1.3226332664489746094 1.3226332664489746094 1.3226332664489746094 1.3226332664489746094 1.3226332664489746094 1.3072946071624755859 1.3072946071624755859 1.3072946071624755859 1.3072946071624755859 1.3072946071624755859 1.3072946071624755859 1.3097022771835327148 1.3097022771835327148 1.3097022771835327148 1.3097022771835327148 1.3097022771835327148 1.3265514373779296875 1.3265514373779296875 1.3265514373779296875 1.3265514373779296875 1.3265514373779296875 1.3265514373779296875 1.3401001691818237305 1.3401001691818237305 1.3401001691818237305 1.3401001691818237305 1.3401001691818237305 1.3374414443969726562 1.3374414443969726562 1.3374414443969726562
1.3294442892074584961 1.3294442892074584961 1.3294442892074584961 1.3294442892074584961 1.328051447868347168 1.328051447868347168 1.328051447868347168 1.328051447868347168 1.328051447868347168 1.328051447868347168 1.3226332664489746094 1.3226332664489746094 1.3226332664489746094 1.3226332664489746094 1.3226332664489746094 1.3072946071624755859 1.3072946071624755859 1.3072946071624755859 1.3072946071624755859 1.3072946071624755859 1.3072946071624755859 1.3097022771835327148 1.3097022771835327148 1.3097022771835327148 1.3097022771835327148 1.3097022771835327148 1.3265514373779296875 1.3265514373779296875 1.3265514373779296875 1.3265514373779296875 1.3265514373779296875 1.3265514373779296875 1.3401001691818237305 1.3401001691818237305 1.3401001691818237305 1.3401001691818237305 1.3401001691818237305 1.3374414443969726562 1.3374414443969726562 1.3374414443969726562
1.3294442892074584961 1.3294442892074584961 1.3294442892074584961 1.3294442892074584961 1.328051447868347168 1.328051447868347168 1.328051447868347168 1.328051447868347168 1.328051447868347168 1.328051447868347168 1.3226332664489746094 1.3226332664489746094 1.3226332664489746094 1.3226332664489746094 1.3226332664489746094 1.3072946071624755859 1.3072946071624755859 1.3072946071624755859 1.3072946071624755859 1.3072946071624755859 1.3072946071624755859 1.3097022771835327148 1.3097022771835327148 1.3097022771835327148 1.3097022771835327148 1.3097022771835327148 1.3265514373779296875 1.3265514373779296875 1.3265514373779296875 1.3265514373779296875 1.3265514373779296875 1.3265514373779296875 1.3401001691818237305 1.3401001691818237305 1.3401001691818237305 1.3401001691818237305 1.3401001691818237305 1.3374414443969726562 1.3374414443969726562 1.3374414443969726562
1.3294442892074584961 1.3294442892074584961 1.3294442892074584961 1.3294442892074584961 1.328051447868347168 1.328051447868347168 1.328051447868347168 1.328051447868347168 1.328051447868347168 1.328051447868347168 1.3226332664489746094 1.3226332664489746094 1.3226332664489746094 1.3226332664489746094 1.3226332664489746094 1.3072946071624755859 1.3072946071624755859 1.3072946071624755859 1.3072946071624755859 1.3072946071624755859 1.3072946071624755859 1.3097022771835327148 1.3097022771835327148 1.3097022771835327148 1.3097022771835327148 1.3097022771835327148 1.3265514373779296875 1.3265514373779296875 1.3265514373779296875 1.3265514373779296875 1.3265514373779296875 1.3265514373779296875 1.3401001691818237305 1.3401001691818237305 1.3401001691818237305 1.3401001691818237305 1.3401001691818237305 1.3374414443969726562 1.3374414443969726562 1.3374414443969726562
1.3294442892074584961 1.3294442892074584961 1.3294442892074584961 1.3294442892074584961 1.328051447868347168 1.328051447868347168 1.328051447868347168 1.328051447868347168 1.328051447868347168 1.328051447868347168 1.3226332664489746094 1.3226332664489746094 1.3226332664489746094 1.3226332664489746094 1.3226332664489746094 1.3072946071624755859 1.3072946071624755859 1.3072946071624755859 1.3072946071624755859 1.3072946071624755859 1.3072946071624755859 1.3097022771835327148 1.3097022771835327148 1.3097022771835327148 1.3097022771835327148 1.3097022771835327148 1.3265514373779296875 1.3265514373779296875 1.3265514373779296875 1.3265514373779296875 1.3265514373779296875 1.3265514373779296875 1.3401001691818237305 1.3401001691818237305 1.3401001691818237305 1.3401001691818237305 1.3401001691818237305 1.3374414443969726562 1.3374414443969726562 1.3374414443969726562
1.3312084674835205078 1.3312084674835205078 1.3312084674835205078 1.3312084674835205078 1.3516888618469238281 1.3516888618469238281 1.3516888618469238281 1.3516888618469238281 1.3516888618469238281 1.3516888618469238281 1.3259830474853515625 1.3259830474853515625 1.3259830474853515625 1.3259830474853515625 1.3259830474853515625 1.3117650747299194336 1.3117650747299194336 1.3117650747299194336 1.3117650747299194336 1.3117650747299194336 1.3117650747299194336 1.3104770183563232422 1.3104770183563232422 1.3104770183563232422 1.3104770183563232422 1.3104770183563232422 1.3277750015258789062 1.3277750015258789062 1.3277750015258789062 1.3277750015258789062 1.3277750015258789062 1.3277750015258789062 1.3372882604598999023 1.3372882604598999023 1.3372882604598999023 1.3372882604598999023 1.3372882604598999023 1.326023101806640625 1.326023101806640625 1.326023101806640625
1.3312084674835205078 1.3312084674835205078 1.3312084674835205078 1.3312084674835205078 1.3516888618469238281 1.3516888618469238281 1.3516888618469238281 1.3516888618469238281 1.3516888618469238281 1.3516888618469238281 1.3259830474853515625 1.3259830474853515625 1.3259830474853515625 1.3259830474853515625 1.3259830474853515625 1.3117650747299194336 1.3117650747299194336 1.3117650747299194336 1.3117650747299194336 1.3117650747299194336 1.3117650747299194336 1.3104770183563232422 1.3104770183563232422 1.3104770183563232422 1.3104770183563232422 1.3104770183563232422 1.3277750015258789062 1.3277750015258789062 1.3277750015258789062 1.3277750015258789062 1.3277750015258789062 1.3277750015258789062 1.3372882604598999023 1.3372882604598999023 1.3372882604598999023 1.3372882604598999023 1.3372882604598999023 1.326023101806640625 1.326023101806640625 1.326023101806640625
