vG_n_100cm_BarticaBox_5km.asc
ncols        117
nrows        158
xllcorner    -161906
yllcorner    121774
cellsize     5000
NODATA_value -999
[rows 54 to 71 of 158, columns 40 to 79 of 117]
1.3606818914413452148 1.3606818914413452148 1.3606818914413452148 1.3606818914413452148 1.3557140827178955078 1.3557140827178955078 1.3557140827178955078 1.3557140827178955078 1.3557140827178955078 1.3557140827178955078 1.3622378110885620117 1.3622378110885620117 1.3622378110885620117 1.3622378110885620117 1.3622378110885620117 1.3666619062423706055 1.3666619062423706055 1.3666619062423706055 1.3666619062423706055 1.3666619062423706055 1.3666619062423706055 1.3931461572647094727 1.3931461572647094727 1.3931461572647094727 1.3931461572647094727 1.3931461572647094727 1.3778619766235351562 1.3778619766235351562 1.3778619766235351562 1.3778619766235351562 1.3778619766235351562 1.3778619766235351562 1.3642396926879882812 1.3642396926879882812 1.3642396926879882812 1.3642396926879882812 1.3642396926879882812 1.3652222156524658203 1.3652222156524658203 1.3652222156524658203
1.3606818914413452148 1.3606818914413452148 1.3606818914413452148 1.3606818914413452148 1.3557140827178955078 1.3557140827178955078 1.3557140827178955078 1.3557140827178955078 1.3557140827178955078 1.3557140827178955078 1.3622378110885620117 1.3622378110885620117 1.3622378110885620117 1.3622378110885620117 1.3622378110885620117 1.3666619062423706055 1.3666619062423706055 1.3666619062423706055 1.3666619062423706055 1.3666619062423706055 1.3666619062423706055 1.3931461572647094727 1.3931461572647094727 1.3931461572647094727 1.3931461572647094727 1.3931461572647094727 1.3778619766235351562 1.3778619766235351562 1.3778619766235351562 1.3778619766235351562 1.3778619766235351562 1.3778619766235351562 1.3642396926879882812 1.3642396926879882812 1.3642396926879882812 1.3642396926879882812 1.3642396926879882812 1.3652222156524658203 1.3652222156524658203 1.3652222156524658203
1.3606818914413452148 1.3606818914413452148 1.3606818914413452148 1.3606818914413452148 1.3557140827178955078 1.3557140827178955078 1.3557140827178955078 1.3557140827178955078 1.3557140827178955078 1.3557140827178955078 1.3622378110885620117 1.3622378110885620117 1.3622378110885620117 1.3622378110885620117 1.3622378110885620117 1.3666619062423706055 1.3666619062423706055 1.3666619062423706055 1.3666619062423706055 1.3666619062423706055 1.3666619062423706055 1.3931461572647094727 1.3931461572647094727 1.3931461572647094727 1.3931461572647094727 1.3931461572647094727 1.3778619766235351562 1.3778619766235351562 1.3778619766235351562 1.3778619766235351562 1.3778619766235351562 1.3778619766235351562 1.3642396926879882812 1.3642396926879882812 1.3642396926879882812 1.3642396926879882812 1.3642396926879882812 1.3652222156524658203 1.3652222156524658203 1.3652222156524658203
1.3523278236389160156 1.3523278236389160156 1.3523278236389160156 1.3523278236389160156 1.3569505214691162109 1.3569505214691162109 1.3569505214691162109 1.3569505214691162109 1.3569505214691162109 1.3569505214691162109 1.3633676767349243164 1.3633676767349243164 1.3633676767349243164 1.3633676767349243164 1.3633676767349243164 1.3514543771743774414 1.3514543771743774414 1.3514543771743774414 1.3514543771743774414 1.3514543771743774414 1.3514543771743774414 1.3827892541885375977 1.3827892541885375977 1.3827892541885375977 1.3827892541885375977 1.3827892541885375977 1.390811920166015625 1.390811920166015625 1.390811920166015625 1.390811920166015625 1.390811920166015625 1.390811920166015625 1.3749929666519165039 1.3749929666519165039 1.3749929666519165039 1.3749929666519165039 1.3749929666519165039 1.3634235858917236328 1.3634235858917236328 1.3634235858917236328
1.3523278236389160156 1.3523278236389160156 1.3523278236389160156 1.3523278236389160156 1.3569505214691162109 1.3569505214691162109 1.3569505214691162109 1.3569505214691162109 1.3569505214691162109 1.3569505214691162109 1.3633676767349243164 1.3633676767349243164 1.3633676767349243164 1.3633676767349243164 1.3633676767349243164 1.3514543771743774414 1.3514543771743774414 1.3514543771743774414 1.3514543771743774414 1.3514543771743774414 1.3514543771743774414 1.3827892541885375977 1.3827892541885375977 1.3827892541885375977 1.3827892541885375977 1.3827892541885375977 1.390811920166015625 1.390811920166015625 1.390811920166015625 1.390811920166015625 1.390811920166015625 1.390811920166015625 1.3749929666519165039 1.3749929666519165039 1.3749929666519165039 1.3749929666519165039 1.3749929666519165039 1.3634235858917236328 1.3634235858917236328 1.3634235858917236328
1.3523278236389160156 1.3523278236389160156 1.3523278236389160156 1.3523278236389160156 1.3569505214691162109 1.3569505214691162109 1.3569505214691162109 1.3569505214691162109 1.3569505214691162109 1.3569505214691162109 1.3633676767349243164 1.3633676767349243164 1.3633676767349243164 1.3633676767349243164 1.3633676767349243164 1.3514543771743774414 1.3514543771743774414 1.3514543771743774414 1.3514543771743774414 1.3514543771743774414 1.3514543771743774414 1.3827892541885375977 1.3827892541885375977 1.3827892541885375977 1.3827892541885375977 1.3827892541885375977 1.390811920166015625 1.390811920166015625 1.390811920166015625 1.390811920166015625 1.390811920166015625 1.390811920166015625 1.3749929666519165039 1.3749929666519165039 1.3749929666519165039 1.3749929666519165039 1.3749929666519165039 1.3634235858917236328 1.3634235858917236328 1.3634235858917236328
1.3523278236389160156 1.3523278236389160156 1.3523278236389160156 1.3523278236389160156 1.3569505214691162109 1.3569505214691162109 1.3569505214691162109 1.3569505214691162109 1.3569505214691162109 1.3569505214691162109 1.3633676767349243164 1.3633676767349243164 1.3633676767349243164 1.3633676767349243164 1.3633676767349243164 1.3514543771743774414 1.3514543771743774414 1.3514543771743774414 1.3514543771743774414 1.3514543771743774414 1.3514543771743774414 1.3827892541885375977 1.3827892541885375977 1.3827892541885375977 1.3827892541885375977 1.3827892541885375977 1.390811920166015625 1.390811920166015625 1.390811920166015625 1.390811920166015625 1.390811920166015625 1.390811920166015625 1.3749929666519165039 1.3749929666519165039 1.3749929666519165039 1.3749929666519165039 1.3749929666519165039 1.3634235858917236328 1.3634235858917236328 1.3634235858917236328
1.3523278236389160156 1.3523278236389160156 1.3523278236389160156 1.3523278236389160156 1.3569505214691162109 1.3569505214691162109 1.3569505214691162109 1.3569505214691162109 1.3569505214691162109 1.3569505214691162109 1.3633676767349243164 1.3633676767349243164 1.3633676767349243164 1.3633676767349243164 1.3633676767349243164 1.3514543771743774414 1.3514543771743774414 1.3514543771743774414 1.3514543771743774414 1.3514543771743774414 1.3514543771743774414 1.3827892541885375977 1.3827892541885375977 1.3827892541885375977 1.3827892541885375977 1.3827892541885375977 1.390811920166015625 1.390811920166015625 1.390811920166015625 1.390811920166015625 1.390811920166015625 1.390811920166015625 1.3749929666519165039 1.3749929666519165039 1.3749929666519165039 1.3749929666519165039 1.3749929666519165039 1.3634235858917236328 1.3634235858917236328 1.3634235858917236328
1.3523278236389160156 1.3523278236389160156 1.3523278236389160156 1.3523278236389160156 1.3569505214691162109 1.3569505214691162109 1.3569505214691162109 1.3569505214691162109 1.3569505214691162109 1.3569505214691162109 1.3633676767349243164 1.3633676767349243164 1.3633676767349243164 1.3633676767349243164 1.3633676767349243164 1.3514543771743774414 1.3514543771743774414 1.3514543771743774414 1.3514543771743774414 1.3514543771743774414 1.3514543771743774414 1.3827892541885375977 1.3827892541885375977 1.3827892541885375977 1.3827892541885375977 1.3827892541885375977 1.390811920166015625 1.390811920166015625 1.390811920166015625 1.390811920166015625 1.390811920166015625 1.390811920166015625 1.3749929666519165039 1.3749929666519165039 1.3749929666519165039 1.3749929666519165039 1.3749929666519165039 1.3634235858917236328 1.3634235858917236328 1.3634235858917236328
1.3626551628112792969 1.3626551628112792969 1.3626551628112792969 1.3626551628112792969 1.3908945322036743164 1.3908945322036743164 1.3908945322036743164 1.3908945322036743164 1.3908945322036743164 1.3908945322036743164 1.3537784814834594727 1.3537784814834594727 1.3537784814834594727 1.3537784814834594727 1.3537784814834594727 1.3609205484390258789 1.3609205484390258789 1.3609205484390258789 1.3609205484390258789 1.3609205484390258789 1.3609205484390258789 1.3826645612716674805 1.3826645612716674805 1.3826645612716674805 1.3826645612716674805 1.3826645612716674805 1.4010742902755737305 1.4010742902755737305 1.4010742902755737305 1.4010742902755737305 1.4010742902755737305 1.4010742902755737305 1.3818479776382446289 1.3818479776382446289 1.3818479776382446289 1.3818479776382446289 1.3818479776382446289 1.3757146596908569336 1.3757146596908569336 1.3757146596908569336
1.3626551628112792969 1.3626551628112792969 1.3626551628112792969 1.3626551628112792969 1.3908945322036743164 1.3908945322036743164 1.3908945322036743164 1.3908945322036743164 1.3908945322036743164 1.3908945322036743164 1.3537784814834594727 1.3537784814834594727 1.3537784814834594727 1.3537784814834594727 1.3537784814834594727 1.3609205484390258789 1.3609205484390258789 1.3609205484390258789 1.3609205484390258789 1.3609205484390258789 1.3609205484390258789 1.3826645612716674805 1.3826645612716674805 1.3826645612716674805 1.3826645612716674805 1.3826645612716674805 1.4010742902755737305 1.4010742902755737305 1.4010742902755737305 1.4010742902755737305 1.4010742902755737305 1.4010742902755737305 1.3818479776382446289 1.3818479776382446289 1.3818479776382446289 1.3818479776382446289 1.3818479776382446289 1.3757146596908569336 1.3757146596908569336 1.3757146596908569336
1.3626551628112792969 1.3626551628112792969 1.3626551628112792969 1.3626551628112792969 1.3908945322036743164 1.3908945322036743164 1.3908945322036743164 1.3908945322036743164 1.3908945322036743164 1.3908945322036743164 1.3537784814834594727 1.3537784814834594727 1.3537784814834594727 1.3537784814834594727 1.3537784814834594727 1.3609205484390258789 1.3609205484390258789 1.3609205484390258789 1.3609205484390258789 1.3609205484390258789 1.3609205484390258789 1.3826645612716674805 1.3826645612716674805 1.3826645612716674805 1.3826645612716674805 1.3826645612716674805 1.4010742902755737305 1.4010742902755737305 1.4010742902755737305 1.4010742902755737305 1.4010742902755737305 1.4010742902755737305 1.3818479776382446289 1.3818479776382446289 1.3818479776382446289 1.3818479776382446289 1.3818479776382446289 1.3757146596908569336 1.3757146596908569336 1.3757146596908569336
1.3626551628112792969 1.3626551628112792969 1.3626551628112792969 1.3626551628112792969 1.3908945322036743164 1.3908945322036743164 1.3908945322036743164 1.3908945322036743164 1.3908945322036743164 1.3908945322036743164 1.3537784814834594727 1.3537784814834594727 1.3537784814834594727 1.3537784814834594727 1.3537784814834594727 1.3609205484390258789 1.3609205484390258789 1.3609205484390258789 1.3609205484390258789 1.3609205484390258789 1.3609205484390258789 1.3826645612716674805 1.3826645612716674805 1.3826645612716674805 1.3826645612716674805 1.3826645612716674805 1.4010742902755737305 1.4010742902755737305 1.4010742902755737305 1.4010742902755737305 1.4010742902755737305 1.4010742902755737305 1.3818479776382446289 1.3818479776382446289 1.3818479776382446289 1.3818479776382446289 1.3818479776382446289 1.3757146596908569336 1.3757146596908569336 1.3757146596908569336
1.3626551628112792969 1.3626551628112792969 1.3626551628112792969 1.3626551628112792969 1.3908945322036743164 1.3908945322036743164 1.3908945322036743164 1.3908945322036743164 1.3908945322036743164 1.3908945322036743164 1.3537784814834594727 1.3537784814834594727 1.3537784814834594727 1.3537784814834594727 1.3537784814834594727 1.3609205484390258789 1.3609205484390258789 1.3609205484390258789 1.3609205484390258789 1.3609205484390258789 1.3609205484390258789 1.3826645612716674805 1.3826645612716674805 1.3826645612716674805 1.3826645612716674805 1.3826645612716674805 1.4010742902755737305 1.4010742902755737305 1.4010742902755737305 1.4010742902755737305 1.4010742902755737305 1.4010742902755737305 1.3818479776382446289 1.3818479776382446289 1.3818479776382446289 1.3818479776382446289 1.3818479776382446289 1.3757146596908569336 1.3757146596908569336 1.3757146596908569336
1.3450481891632080078 1.3450481891632080078 1.3450481891632080078 1.3450481891632080078 1.3672835826873779297 1.3672835826873779297 1.3672835826873779297 1.3672835826873779297 1.3672835826873779297 1.3672835826873779297 1.3825349807739257812 1.3825349807739257812 1.3825349807739257812 1.3825349807739257812 1.3825349807739257812 1.3707215785980224609 1.3707215785980224609 1.3707215785980224609 1.3707215785980224609 1.3707215785980224609 1.3707215785980224609 1.400189518928527832 1.400189518928527832 1.400189518928527832 1.400189518928527832 1.400189518928527832 1.4041833877563476562 1.4041833877563476562 1.4041833877563476562 1.4041833877563476562 1.4041833877563476562 1.4041833877563476562 1.3836886882781982422 1.3836886882781982422 1.3836886882781982422 1.3836886882781982422 1.3836886882781982422 1.3846986293792724609 1.3846986293792724609 1.3846986293792724609
1.3450481891632080078 1.3450481891632080078 1.3450481891632080078 1.3450481891632080078 1.3672835826873779297 1.3672835826873779297 1.3672835826873779297 1.3672835826873779297 1.3672835826873779297 1.3672835826873779297 1.3825349807739257812 1.3825349807739257812 1.3825349807739257812 1.3825349807739257812 1.3825349807739257812 1.3707215785980224609 1.3707215785980224609 1.3707215785980224609 1.3707215785980224609 1.3707215785980224609 1.3707215785980224609 1.400189518928527832 1.400189518928527832 1.400189518928527832 1.400189518928527832 1.400189518928527832 1.4041833877563476562 1.4041833877563476562 1.4041833877563476562 1.4041833877563476562 1.4041833877563476562 1.4041833877563476562 1.3836886882781982422 1.3836886882781982422 1.3836886882781982422 1.3836886882781982422 1.3836886882781982422 1.3846986293792724609 1.3846986293792724609 1.3846986293792724609
1.3450481891632080078 1.3450481891632080078 1.3450481891632080078 1.3450481891632080078 1.3672835826873779297 1.3672835826873779297 1.3672835826873779297 1.3672835826873779297 1.3672835826873779297 1.3672835826873779297 1.3825349807739257812 1.3825349807739257812 1.3825349807739257812 1.3825349807739257812 1.3825349807739257812 1.3707215785980224609 1.3707215785980224609 1.3707215785980224609 1.3707215785980224609 1.3707215785980224609 1.3707215785980224609 1.400189518928527832 1.400189518928527832 1.400189518928527832 1.400189518928527832 1.400189518928527832 1.4041833877563476562 1.4041833877563476562 1.4041833877563476562 1.4041833877563476562 1.4041833877563476562 1.4041833877563476562 1.3836886882781982422 1.3836886882781982422 1.3836886882781982422 1.3836886882781982422 1.3836886882781982422 1.3846986293792724609 1.3846986293792724609 1.3846986293792724609
1.3450481891632080078 1.3450481891632080078 1.3450481891632080078 1.3450481891632080078 1.3672835826873779297 1.3672835826873779297 1.3672835826873779297 1.3672835826873779297 1.3672835826873779297 1.3672835826873779297 1.3825349807739257812 1.3825349807739257812 1.3825349807739257812 1.3825349807739257812 1.3825349807739257812 1.3707215785980224609 1.3707215785980224609 1.3707215785980224609 1.3707215785980224609 1.3707215785980224609 1.3707215785980224609 1.400189518928527832 1.400189518928527832 1.400189518928527832 1.400189518928527832 1.400189518928527832 1.4041833877563476562 1.4041833877563476562 1.4041833877563476562 1.4041833877563476562 1.4041833877563476562 1.4041833877563476562 1.3836886882781982422 1.3836886882781982422 1.3836886882781982422 1.3836886882781982422 1.3836886882781982422 1.3846986293792724609 1.3846986293792724609 1.3846986293792724609
