vG_n_100cm_BarticaBox_5km.asc
ncols        117
nrows        158
xllcorner    -161906
yllcorner    121774
cellsize     5000
NODATA_value -999
[rows 126 to 143 of 158, columns 40 to 79 of 117]
1.3312084674835205078 1.3312084674835205078 1.3312084674835205078 1.3312084674835205078 1.3516888618469238281 1.3516888618469238281 1.3516888618469238281 1.3516888618469238281 1.3516888618469238281 1.3516888618469238281 1.3259830474853515625 1.3259830474853515625 1.3259830474853515625 1.3259830474853515625 1.3259830474853515625 1.3117650747299194336 1.3117650747299194336 1.3117650747299194336 1.3117650747299194336 1.3117650747299194336 1.3117650747299194336 1.3104770183563232422 1.3104770183563232422 1.3104770183563232422 1.3104770183563232422 1.3104770183563232422 1.3277750015258789062 1.3277750015258789062 1.3277750015258789062 1.3277750015258789062 1.3277750015258789062 1.3277750015258789062 1.3372882604598999023 1.3372882604598999023 1.3372882604598999023 1.3372882604598999023 1.3372882604598999023 1.326023101806640625 1.326023101806640625 1.326023101806640625
1.3312084674835205078 1.3312084674835205078 1.3312084674835205078 1.3312084674835205078 1.3516888618469238281 1.3516888618469238281 1.3516888618469238281 1.3516888618469238281 1.3516888618469238281 1.3516888618469238281 1.3259830474853515625 1.3259830474853515625 1.3259830474853515625 1.3259830474853515625 1.3259830474853515625 1.3117650747299194336 1.3117650747299194336 1.3117650747299194336 1.3117650747299194336 1.3117650747299194336 1.3117650747299194336 1.3104770183563232422 1.3104770183563232422 1.3104770183563232422 1.3104770183563232422 1.3104770183563232422 1.3277750015258789062 1.3277750015258789062 1.3277750015258789062 1.3277750015258789062 1.3277750015258789062 1.3277750015258789062 1.3372882604598999023 1.3372882604598999023 1.3372882604598999023 1.3372882604598999023 1.3372882604598999023 1.326023101806640625 1.326023101806640625 1.326023101806640625
1.3312084674835205078 1.3312084674835205078 1.3312084674835205078 1.3312084674835205078 1.3516888618469238281 1.3516888618469238281 1.3516888618469238281 1.3516888618469238281 1.3516888618469238281 1.3516888618469238281 1.3259830474853515625 1.3259830474853515625 1.3259830474853515625 1.3259830474853515625 1.3259830474853515625 1.3117650747299194336 1.3117650747299194336 1.3117650747299194336 1.3117650747299194336 1.3117650747299194336 1.3117650747299194336 1.3104770183563232422 1.3104770183563232422 1.3104770183563232422 1.3104770183563232422 1.3104770183563232422 1.3277750015258789062 1.3277750015258789062 1.3277750015258789062 1.3277750015258789062 1.3277750015258789062 1.3277750015258789062 1.3372882604598999023 1.3372882604598999023 1.3372882604598999023 1.3372882604598999023 1.3372882604598999023 1.326023101806640625 1.326023101806640625 1.326023101806640625
1.3312084674835205078 1.3312084674835205078 1.3312084674835205078 1.3312084674835205078 1.3516888618469238281 1.3516888618469238281 1.3516888618469238281 1.3516888618469238281 1.3516888618469238281 1.3516888618469238281 1.3259830474853515625 1.3259830474853515625 1.3259830474853515625 1.3259830474853515625 1.3259830474853515625 1.3117650747299194336 1.3117650747299194336 1.3117650747299194336 1.3117650747299194336 1.3117650747299194336 1.3117650747299194336 1.3104770183563232422 1.3104770183563232422 1.3104770183563232422 1.3104770183563232422 1.3104770183563232422 1.3277750015258789062 1.3277750015258789062 1.3277750015258789062 1.3277750015258789062 1.3277750015258789062 1.3277750015258789062 1.3372882604598999023 1.3372882604598999023 1.3372882604598999023 1.3372882604598999023 1.3372882604598999023 1.326023101806640625 1.326023101806640625 1.326023101806640625
1.3429305553436279297 1.3429305553436279297 1.3429305553436279297 1.3429305553436279297 1.3385517597198486328 1.3385517597198486328 1.3385517597198486328 1.3385517597198486328 1.3385517597198486328 1.3385517597198486328 1.3180212974548339844 1.3180212974548339844 1.3180212974548339844 1.3180212974548339844 1.3180212974548339844 1.3159502744674682617 1.3159502744674682617 1.3159502744674682617 1.3159502744674682617 1.3159502744674682617 1.3159502744674682617 1.3142840862274169922 1.3142840862274169922 1.3142840862274169922 1.3142840862274169922 1.3142840862274169922 1.3220212459564208984 1.3220212459564208984 1.3220212459564208984 1.3220212459564208984 1.3220212459564208984 1.3220212459564208984 1.3182909488677978516 1.3182909488677978516 1.3182909488677978516 1.3182909488677978516 1.3182909488677978516 1.3052881956100463867 1.3052881956100463867 1.3052881956100463867
1.3429305553436279297 1.3429305553436279297 1.3429305553436279297 1.3429305553436279297 1.3385517597198486328 1.3385517597198486328 1.3385517597198486328 1.3385517597198486328 1.3385517597198486328 1.3385517597198486328 1.3180212974548339844 1.3180212974548339844 1.3180212974548339844 1.3180212974548339844 1.3180212974548339844 1.3159502744674682617 1.3159502744674682617 1.3159502744674682617 1.3159502744674682617 1.3159502744674682617 1.3159502744674682617 1.3142840862274169922 1.3142840862274169922 1.3142840862274169922 1.3142840862274169922 1.3142840862274169922 1.3220212459564208984 1.3220212459564208984 1.3220212459564208984 1.3220212459564208984 1.3220212459564208984 1.3220212459564208984 1.3182909488677978516 1.3182909488677978516 1.3182909488677978516 1.3182909488677978516 1.3182909488677978516 1.3052881956100463867 1.3052881956100463867 1.3052881956100463867
1.3429305553436279297 1.3429305553436279297 1.3429305553436279297 1.3429305553436279297 1.3385517597198486328 1.3385517597198486328 1.3385517597198486328 1.3385517597198486328 1.3385517597198486328 1.3385517597198486328 1.3180212974548339844 1.3180212974548339844 1.3180212974548339844 1.3180212974548339844 1.3180212974548339844 1.3159502744674682617 1.3159502744674682617 1.3159502744674682617 1.3159502744674682617 1.3159502744674682617 1.3159502744674682617 1.3142840862274169922 1.3142840862274169922 1.3142840862274169922 1.3142840862274169922 1.3142840862274169922 1.3220212459564208984 1.3220212459564208984 1.3220212459564208984 1.3220212459564208984 1.3220212459564208984 1.3220212459564208984 1.3182909488677978516 1.3182909488677978516 1.3182909488677978516 1.3182909488677978516 1.3182909488677978516 1.3052881956100463867 1.3052881956100463867 1.3052881956100463867
1.3429305553436279297 1.3429305553436279297 1.3429305553436279297 1.3429305553436279297 1.3385517597198486328 1.3385517597198486328 1.3385517597198486328 1.3385517597198486328 1.3385517597198486328 1.3385517597198486328 1.3180212974548339844 1.3180212974548339844 1.3180212974548339844 1.3180212974548339844 1.3180212974548339844 1.3159502744674682617 1.3159502744674682617 1.3159502744674682617 1.3159502744674682617 1.3159502744674682617 1.3159502744674682617 1.3142840862274169922 1.3142840862274169922 1.3142840862274169922 1.3142840862274169922 1.3142840862274169922 1.3220212459564208984 1.3220212459564208984 1.3220212459564208984 1.3220212459564208984 1.3220212459564208984 1.3220212459564208984 1.3182909488677978516 1.3182909488677978516 1.3182909488677978516 1.3182909488677978516 1.3182909488677978516 1.3052881956100463867 1.3052881956100463867 1.3052881956100463867
1.3429305553436279297 1.3429305553436279297 1.3429305553436279297 1.3429305553436279297 1.3385517597198486328 1.3385517597198486328 1.3385517597198486328 1.3385517597198486328 1.3385517597198486328 1.3385517597198486328 1.3180212974548339844 1.3180212974548339844 1.3180212974548339844 1.3180212974548339844 1.3180212974548339844 1.3159502744674682617 1.3159502744674682617 1.3159502744674682617 1.3159502744674682617 1.3159502744674682617 1.3159502744674682617 1.3142840862274169922 1.3142840862274169922 1.3142840862274169922 1.3142840862274169922 1.3142840862274169922 1.3220212459564208984 1.3220212459564208984 1.3220212459564208984 1.3220212459564208984 1.3220212459564208984 1.3220212459564208984 1.3182909488677978516 1.3182909488677978516 1.3182909488677978516 1.3182909488677978516 1.3182909488677978516 1.3052881956100463867 1.3052881956100463867 1.3052881956100463867
1.3429305553436279297 1.3429305553436279297 1.3429305553436279297 1.3429305553436279297 1.3385517597198486328 1.3385517597198486328 1.3385517597198486328 1.3385517597198486328 1.3385517597198486328 1.3385517597198486328 1.3180212974548339844 1.3180212974548339844 1.3180212974548339844 1.3180212974548339844 1.3180212974548339844 1.3159502744674682617 1.3159502744674682617 1.3159502744674682617 1.3159502744674682617 1.3159502744674682617 1.3159502744674682617 1.3142840862274169922 1.3142840862274169922 1.3142840862274169922 1.3142840862274169922 1.3142840862274169922 1.3220212459564208984 1.3220212459564208984 1.3220212459564208984 1.3220212459564208984 1.3220212459564208984 1.3220212459564208984 1.3182909488677978516 1.3182909488677978516 1.3182909488677978516 1.3182909488677978516 1.3182909488677978516 1.3052881956100463867 1.3052881956100463867 1.3052881956100463867
1.362580418586730957 1.362580418586730957 1.362580418586730957 1.362580418586730957 1.3274321556091308594 1.3274321556091308594 1.3274321556091308594 1.3274321556091308594 1.3274321556091308594 1.3274321556091308594 1.3213956356048583984 1.3213956356048583984 1.3213956356048583984 1.3213956356048583984 1.3213956356048583984 1.3118342161178588867 1.3118342161178588867 1.3118342161178588867 1.3118342161178588867 1.3118342161178588867 1.3118342161178588867 1.3166666030883789062 1.3166666030883789062 1.3166666030883789062 1.3166666030883789062 1.3166666030883789062 1.3142836093902587891 1.3142836093902587891 1.3142836093902587891 1.3142836093902587891 1.3142836093902587891 1.3142836093902587891 1.3099508285522460938 1.3099508285522460938 1.3099508285522460938 1.3099508285522460938 1.3099508285522460938 1.3134357929229736328 1.3134357929229736328 1.3134357929229736328
1.362580418586730957 1.362580418586730957 1.362580418586730957 1.362580418586730957 1.3274321556091308594 1.3274321556091308594 1.3274321556091308594 1.3274321556091308594 1.3274321556091308594 1.3274321556091308594 1.3213956356048583984 1.3213956356048583984 1.3213956356048583984 1.3213956356048583984 1.3213956356048583984 1.3118342161178588867 1.3118342161178588867 1.3118342161178588867 1.3118342161178588867 1.3118342161178588867 1.3118342161178588867 1.3166666030883789062 1.3166666030883789062 1.3166666030883789062 1.3166666030883789062 1.3166666030883789062 1.3142836093902587891 1.3142836093902587891 1.3142836093902587891 1.3142836093902587891 1.3142836093902587891 1.3142836093902587891 1.3099508285522460938 1.3099508285522460938 1.3099508285522460938 1.3099508285522460938 1.3099508285522460938 1.3134357929229736328 1.3134357929229736328 1.3134357929229736328
1.362580418586730957 1.362580418586730957 1.362580418586730957 1.362580418586730957 1.3274321556091308594 1.3274321556091308594 1.3274321556091308594 1.3274321556091308594 1.3274321556091308594 1.3274321556091308594 1.3213956356048583984 1.3213956356048583984 1.3213956356048583984 1.3213956356048583984 1.3213956356048583984 1.3118342161178588867 1.3118342161178588867 1.3118342161178588867 1.3118342161178588867 1.3118342161178588867 1.3118342161178588867 1.3166666030883789062 1.3166666030883789062 1.3166666030883789062 1.3166666030883789062 1.3166666030883789062 1.3142836093902587891 1.3142836093902587891 1.3142836093902587891 1.3142836093902587891 1.3142836093902587891 1.3142836093902587891 1.3099508285522460938 1.3099508285522460938 1.3099508285522460938 1.3099508285522460938 1.3099508285522460938 1.3134357929229736328 1.3134357929229736328 1.3134357929229736328
1.362580418586730957 1.362580418586730957 1.362580418586730957 1.362580418586730957 1.3274321556091308594 1.3274321556091308594 1.3274321556091308594 1.3274321556091308594 1.3274321556091308594 1.3274321556091308594 1.3213956356048583984 1.3213956356048583984 1.3213956356048583984 1.3213956356048583984 1.3213956356048583984 1.3118342161178588867 1.3118342161178588867 1.3118342161178588867 1.3118342161178588867 1.3118342161178588867 1.3118342161178588867 1.3166666030883789062 1.3166666030883789062 1.3166666030883789062 1.3166666030883789062 1.3166666030883789062 1.3142836093902587891 1.3142836093902587891 1.3142836093902587891 1.3142836093902587891 1.3142836093902587891 1.3142836093902587891 1.3099508285522460938 1.3099508285522460938 1.3099508285522460938 1.3099508285522460938 1.3099508285522460938 1.3134357929229736328 1.3134357929229736328 1.3134357929229736328
1.362580418586730957 1.362580418586730957 1.362580418586730957 1.362580418586730957 1.3274321556091308594 1.3274321556091308594 1.3274321556091308594 1.3274321556091308594 1.3274321556091308594 1.3274321556091308594 1.3213956356048583984 1.3213956356048583984 1.3213956356048583984 1.3213956356048583984 1.3213956356048583984 1.3118342161178588867 1.3118342161178588867 1.3118342161178588867 1.3118342161178588867 1.3118342161178588867 1.3118342161178588867 1.3166666030883789062 1.3166666030883789062 1.3166666030883789062 1.3166666030883789062 1.3166666030883789062 1.3142836093902587891 1.3142836093902587891 1.3142836093902587891 1.3142836093902587891 1.3142836093902587891 1.3142836093902587891 1.3099508285522460938 1.3099508285522460938 1.3099508285522460938 1.3099508285522460938 1.3099508285522460938 1.3134357929229736328 1.3134357929229736328 1.3134357929229736328
1.3746398687362670898 1.3746398687362670898 1.3746398687362670898 1.3746398687362670898 1.3668824434280395508 1.3668824434280395508 1.3668824434280395508 1.3668824434280395508 1.3668824434280395508 1.3668824434280395508 1.3210102319717407227 1.3210102319717407227 1.3210102319717407227 1.3210102319717407227 1.3210102319717407227 1.3236975669860839844 1.3236975669860839844 1.3236975669860839844 1.3236975669860839844 1.3236975669860839844 1.3236975669860839844 1.3148553371429443359 1.3148553371429443359 1.3148553371429443359 1.3148553371429443359 1.3148553371429443359 1.3076423406600952148 1.3076423406600952148 1.3076423406600952148 1.3076423406600952148 1.3076423406600952148 1.3076423406600952148 1.3133940696716308594 1.3133940696716308594 1.3133940696716308594 1.3133940696716308594 1.3133940696716308594 1.319569706916809082 1.319569706916809082 1.319569706916809082
1.3746398687362670898 1.3746398687362670898 1.3746398687362670898 1.3746398687362670898 1.3668824434280395508 1.3668824434280395508 1.3668824434280395508 1.3668824434280395508 1.3668824434280395508 1.3668824434280395508 1.3210102319717407227 1.3210102319717407227 1.3210102319717407227 1.3210102319717407227 1.3210102319717407227 1.3236975669860839844 1.3236975669860839844 1.3236975669860839844 1.3236975669860839844 1.3236975669860839844 1.3236975669860839844 1.3148553371429443359 1.3148553371429443359 1.3148553371429443359 1.3148553371429443359 1.3148553371429443359 1.3076423406600952148 1.3076423406600952148 1.3076423406600952148 1.3076423406600952148 1.3076423406600952148 1.3076423406600952148 1.3133940696716308594 1.3133940696716308594 1.3133940696716308594 1.3133940696716308594 1.3133940696716308594 1.319569706916809082 1.319569706916809082 1.319569706916809082
1.3746398687362670898 1.3746398687362670898 1.3746398687362670898 1.3746398687362670898 1.3668824434280395508 1.3668824434280395508 1.3668824434280395508 1.3668824434280395508 1.3668824434280395508 1.3668824434280395508 1.3210102319717407227 1.3210102319717407227 1.3210102319717407227 1.3210102319717407227 1.3210102319717407227 1.3236975669860839844 1.3236975669860839844 1.3236975669860839844 1.3236975669860839844 1.3236975669860839844 1.3236975669860839844 1.3148553371429443359 1.3148553371429443359 1.3148553371429443359 1.3148553371429443359 1.3148553371429443359 1.3076423406600952148 1.3076423406600952148 1.3076423406600952148 1.3076423406600952148 1.3076423406600952148 1.3076423406600952148 1.3133940696716308594 1.3133940696716308594 1.3133940696716308594 1.3133940696716308594 1.3133940696716308594 1.319569706916809082 1.319569706916809082 1.319569706916809082
