vG_thetaR_100cm_BarticaBox_5km.asc
ncols        117
nrows        158
xllcorner    -161906
yllcorner    121774
cellsize     5000
NODATA_value -999
[rows 17 to 33 of 158, columns 38 to 75 of 117]
0.087868854403495788574 0.088091425597667694092 0.088091425597667694092 0.088091425597667694092 0.088091425597667694092 0.088091425597667694092 0.087369874119758605957 0.087369874119758605957 0.087369874119758605957 0.087369874119758605957 0.087369874119758605957 0.087369874119758605957 0.088754869997501373291 0.088754869997501373291 0.088754869997501373291 0.088754869997501373291 0.088754869997501373291 0.088818810880184173584 0.088818810880184173584 0.088818810880184173584 0.088818810880184173584 0.088818810880184173584 0.088818810880184173584 0.088596202433109283447 0.088596202433109283447 0.088596202433109283447 0.088596202433109283447 0.088596202433109283447 0.088932044804096221924 0.088932044804096221924 0.088932044804096221924 0.088932044804096221924 0.088932044804096221924 0.088932044804096221924 0.089673258364200592041 0.089673258364200592041 0.089673258364200592041 0.089673258364200592041
0.084362253546714782715 0.085050597786903381348 0.085050597786903381348 0.085050597786903381348 0.085050597786903381348 0.085050597786903381348 0.085993200540542602539 0.085993200540542602539 0.085993200540542602539 0.085993200540542602539 0.085993200540542602539 0.085993200540542602539 0.088614791631698608398 0.088614791631698608398 0.088614791631698608398 0.088614791631698608398 0.088614791631698608398 0.089563764631748199463 0.089563764631748199463 0.089563764631748199463 0.089563764631748199463 0.089563764631748199463 0.089563764631748199463 0.090674236416816711426 0.090674236416816711426 0.090674236416816711426 0.090674236416816711426 0.090674236416816711426 0.089516565203666687012 0.089516565203666687012 0.089516565203666687012 0.089516565203666687012 0.089516565203666687012 0.089516565203666687012 0.090291507542133331299 0.090291507542133331299 0.090291507542133331299 0.090291507542133331299
0.084362253546714782715 0.085050597786903381348 0.085050597786903381348 0.085050597786903381348 0.085050597786903381348 0.085050597786903381348 0.085993200540542602539 0.085993200540542602539 0.085993200540542602539 0.085993200540542602539 0.085993200540542602539 0.085993200540542602539 0.088614791631698608398 0.088614791631698608398 0.088614791631698608398 0.088614791631698608398 0.088614791631698608398 0.089563764631748199463 0.089563764631748199463 0.089563764631748199463 0.089563764631748199463 0.089563764631748199463 0.089563764631748199463 0.090674236416816711426 0.090674236416816711426 0.090674236416816711426 0.090674236416816711426 0.090674236416816711426 0.089516565203666687012 0.089516565203666687012 0.089516565203666687012 0.089516565203666687012 0.089516565203666687012 0.089516565203666687012 0.090291507542133331299 0.090291507542133331299 0.090291507542133331299 0.090291507542133331299
0.084362253546714782715 0.085050597786903381348 0.085050597786903381348 0.085050597786903381348 0.085050597786903381348 0.085050597786903381348 0.085993200540542602539 0.085993200540542602539 0.085993200540542602539 0.085993200540542602539 0.085993200540542602539 0.085993200540542602539 0.088614791631698608398 0.088614791631698608398 0.088614791631698608398 0.088614791631698608398 0.088614791631698608398 0.089563764631748199463 0.089563764631748199463 0.089563764631748199463 0.089563764631748199463 0.089563764631748199463 0.089563764631748199463 0.090674236416816711426 0.090674236416816711426 0.090674236416816711426 0.090674236416816711426 0.090674236416816711426 0.089516565203666687012 0.089516565203666687012 0.089516565203666687012 0.089516565203666687012 0.089516565203666687012 0.089516565203666687012 0.090291507542133331299 0.090291507542133331299 0.090291507542133331299 0.090291507542133331299
0.084362253546714782715 0.085050597786903381348 0.085050597786903381348 0.085050597786903381348 0.085050597786903381348 0.085050597786903381348 0.085993200540542602539 0.085993200540542602539 0.085993200540542602539 0.085993200540542602539 0.085993200540542602539 0.085993200540542602539 0.088614791631698608398 0.088614791631698608398 0.088614791631698608398 0.088614791631698608398 0.088614791631698608398 0.089563764631748199463 0.089563764631748199463 0.089563764631748199463 0.089563764631748199463 0.089563764631748199463 0.089563764631748199463 0.090674236416816711426 0.090674236416816711426 0.090674236416816711426 0.090674236416816711426 0.090674236416816711426 0.089516565203666687012 0.089516565203666687012 0.089516565203666687012 0.089516565203666687012 0.089516565203666687012 0.089516565203666687012 0.090291507542133331299 0.090291507542133331299 0.090291507542133331299 0.090291507542133331299
0.084362253546714782715 0.085050597786903381348 0.085050597786903381348 0.085050597786903381348 0.085050597786903381348 0.085050597786903381348 0.085993200540542602539 0.085993200540542602539 0.085993200540542602539 0.085993200540542602539 0.085993200540542602539 0.085993200540542602539 0.088614791631698608398 0.088614791631698608398 0.088614791631698608398 0.088614791631698608398 0.088614791631698608398 0.089563764631748199463 0.089563764631748199463 0.089563764631748199463 0.089563764631748199463 0.089563764631748199463 0.089563764631748199463 0.090674236416816711426 0.090674236416816711426 0.090674236416816711426 0.090674236416816711426 0.090674236416816711426 0.089516565203666687012 0.089516565203666687012 0.089516565203666687012 0.089516565203666687012 0.089516565203666687012 0.089516565203666687012 0.090291507542133331299 0.090291507542133331299 0.090291507542133331299 0.090291507542133331299
0.083577357232570648193 0.083370514214038848877 0.083370514214038848877 0.083370514214038848877 0.083370514214038848877 0.083370514214038848877 0.084536336362361907959 0.084536336362361907959 0.084536336362361907959 0.084536336362361907959 0.084536336362361907959 0.084536336362361907959 0.087663911283016204834 0.087663911283016204834 0.087663911283016204834 0.087663911283016204834 0.087663911283016204834 0.08806905895471572876 0.08806905895471572876 0.08806905895471572876 0.08806905895471572876 0.08806905895471572876 0.08806905895471572876 0.090125046670436859131 0.090125046670436859131 0.090125046670436859131 0.090125046670436859131 0.090125046670436859131 0.09039643406867980957 0.09039643406867980957 0.09039643406867980957 0.09039643406867980957 0.09039643406867980957 0.09039643406867980957 0.0906011238694190979 0.0906011238694190979 0.0906011238694190979 0.0906011238694190979
0.083577357232570648193 0.083370514214038848877 0.083370514214038848877 0.083370514214038848877 0.083370514214038848877 0.083370514214038848877 0.084536336362361907959 0.084536336362361907959 0.084536336362361907959 0.084536336362361907959 0.084536336362361907959 0.084536336362361907959 0.087663911283016204834 0.087663911283016204834 0.087663911283016204834 0.087663911283016204834 0.087663911283016204834 0.08806905895471572876 0.08806905895471572876 0.08806905895471572876 0.08806905895471572876 0.08806905895471572876 0.08806905895471572876 0.090125046670436859131 0.090125046670436859131 0.090125046670436859131 0.090125046670436859131 0.090125046670436859131 0.09039643406867980957 0.09039643406867980957 0.09039643406867980957 0.09039643406867980957 0.09039643406867980957 0.09039643406867980957 0.0906011238694190979 0.0906011238694190979 0.0906011238694190979 0.0906011238694190979
0.083577357232570648193 0.083370514214038848877 0.083370514214038848877 0.083370514214038848877 0.083370514214038848877 0.083370514214038848877 0.084536336362361907959 0.084536336362361907959 0.084536336362361907959 0.084536336362361907959 0.084536336362361907959 0.084536336362361907959 0.087663911283016204834 0.087663911283016204834 0.087663911283016204834 0.087663911283016204834 0.087663911283016204834 0.08806905895471572876 0.08806905895471572876 0.08806905895471572876 0.08806905895471572876 0.08806905895471572876 0.08806905895471572876 0.090125046670436859131 0.090125046670436859131 0.090125046670436859131 0.090125046670436859131 0.090125046670436859131 0.09039643406867980957 0.09039643406867980957 0.09039643406867980957 0.09039643406867980957 0.09039643406867980957 0.09039643406867980957 0.0906011238694190979 0.0906011238694190979 0.0906011238694190979 0.0906011238694190979
0.083577357232570648193 0.083370514214038848877 0.083370514214038848877 0.083370514214038848877 0.083370514214038848877 0.083370514214038848877 0.084536336362361907959 0.084536336362361907959 0.084536336362361907959 0.084536336362361907959 0.084536336362361907959 0.084536336362361907959 0.087663911283016204834 0.087663911283016204834 0.087663911283016204834 0.087663911283016204834 0.087663911283016204834 0.08806905895471572876 0.08806905895471572876 0.08806905895471572876 0.08806905895471572876 0.08806905895471572876 0.08806905895471572876 0.090125046670436859131 0.090125046670436859131 0.090125046670436859131 0.090125046670436859131 0.090125046670436859131 0.09039643406867980957 0.09039643406867980957 0.09039643406867980957 0.09039643406867980957 0.09039643406867980957 0.09039643406867980957 0.0906011238694190979 0.0906011238694190979 0.0906011238694190979 0.0906011238694190979
0.083577357232570648193 0.083370514214038848877 0.083370514214038848877 0.083370514214038848877 0.083370514214038848877 0.083370514214038848877 0.084536336362361907959 0.084536336362361907959 0.084536336362361907959 0.084536336362361907959 0.084536336362361907959 0.084536336362361907959 0.087663911283016204834 0.087663911283016204834 0.087663911283016204834 0.087663911283016204834 0.087663911283016204834 0.08806905895471572876 0.08806905895471572876 0.08806905895471572876 0.08806905895471572876 0.08806905895471572876 0.08806905895471572876 0.090125046670436859131 0.090125046670436859131 0.090125046670436859131 0.090125046670436859131 0.090125046670436859131 0.09039643406867980957 0.09039643406867980957 0.09039643406867980957 0.09039643406867980957 0.09039643406867980957 0.09039643406867980957 0.0906011238694190979 0.0906011238694190979 0.0906011238694190979 0.0906011238694190979
0.083577357232570648193 0.083370514214038848877 0.083370514214038848877 0.083370514214038848877 0.083370514214038848877 0.083370514214038848877 0.084536336362361907959 0.084536336362361907959 0.084536336362361907959 0.084536336362361907959 0.084536336362361907959 0.084536336362361907959 0.087663911283016204834 0.087663911283016204834 0.087663911283016204834 0.087663911283016204834 0.087663911283016204834 0.08806905895471572876 0.08806905895471572876 0.08806905895471572876 0.08806905895471572876 0.08806905895471572876 0.08806905895471572876 0.090125046670436859131 0.090125046670436859131 0.090125046670436859131 0.090125046670436859131 0.090125046670436859131 0.09039643406867980957 0.09039643406867980957 0.09039643406867980957 0.09039643406867980957 0.09039643406867980957 0.09039643406867980957 0.0906011238694190979 0.0906011238694190979 0.0906011238694190979 0.0906011238694190979
0.084161721169948577881 0.084578633308410644531 0.084578633308410644531 0.084578633308410644531 0.084578633308410644531 0.084578633308410644531 0.085055947303771972656 0.085055947303771972656 0.085055947303771972656 0.085055947303771972656 0.085055947303771972656 0.085055947303771972656 0.08563648909330368042 0.08563648909330368042 0.08563648909330368042 0.08563648909330368042 0.08563648909330368042 0.087916135787963867188 0.087916135787963867188 0.087916135787963867188 0.087916135787963867188 0.087916135787963867188 0.087916135787963867188 0.089531809091567993164 0.089531809091567993164 0.089531809091567993164 0.089531809091567993164 0.089531809091567993164 0.089810490608215332031 0.089810490608215332031 0.089810490608215332031 0.089810490608215332031 0.089810490608215332031 0.089810490608215332031 0.089512653648853302002 0.089512653648853302002 0.089512653648853302002 0.089512653648853302002
0.084161721169948577881 0.084578633308410644531 0.084578633308410644531 0.084578633308410644531 0.084578633308410644531 0.084578633308410644531 0.085055947303771972656 0.085055947303771972656 0.085055947303771972656 0.085055947303771972656 0.085055947303771972656 0.085055947303771972656 0.08563648909330368042 0.08563648909330368042 0.08563648909330368042 0.08563648909330368042 0.08563648909330368042 0.087916135787963867188 0.087916135787963867188 0.087916135787963867188 0.087916135787963867188 0.087916135787963867188 0.087916135787963867188 0.089531809091567993164 0.089531809091567993164 0.089531809091567993164 0.089531809091567993164 0.089531809091567993164 0.089810490608215332031 0.089810490608215332031 0.089810490608215332031 0.089810490608215332031 0.089810490608215332031 0.089810490608215332031 0.089512653648853302002 0.089512653648853302002 0.089512653648853302002 0.089512653648853302002
0.084161721169948577881 0.084578633308410644531 0.084578633308410644531 0.084578633308410644531 0.084578633308410644531 0.084578633308410644531 0.085055947303771972656 0.085055947303771972656 0.085055947303771972656 0.085055947303771972656 0.085055947303771972656 0.085055947303771972656 0.08563648909330368042 0.08563648909330368042 0.08563648909330368042 0.08563648909330368042 0.08563648909330368042 0.087916135787963867188 0.087916135787963867188 0.087916135787963867188 0.087916135787963867188 0.087916135787963867188 0.087916135787963867188 0.089531809091567993164 0.089531809091567993164 0.089531809091567993164 0.089531809091567993164 0.089531809091567993164 0.089810490608215332031 0.089810490608215332031 0.089810490608215332031 0.089810490608215332031 0.089810490608215332031 0.089810490608215332031 0.089512653648853302002 0.089512653648853302002 0.089512653648853302002 0.089512653648853302002
0.084161721169948577881 0.084578633308410644531 0.084578633308410644531 0.084578633308410644531 0.084578633308410644531 0.084578633308410644531 0.085055947303771972656 0.085055947303771972656 0.085055947303771972656 0.085055947303771972656 0.085055947303771972656 0.085055947303771972656 0.08563648909330368042 0.08563648909330368042 0.08563648909330368042 0.08563648909330368042 0.08563648909330368042 0.087916135787963867188 0.087916135787963867188 0.087916135787963867188 0.087916135787963867188 0.087916135787963867188 0.087916135787963867188 0.089531809091567993164 0.089531809091567993164 0.089531809091567993164 0.089531809091567993164 0.089531809091567993164 0.089810490608215332031 0.089810490608215332031 0.089810490608215332031 0.089810490608215332031 0.089810490608215332031 0.089810490608215332031 0.089512653648853302002 0.089512653648853302002 0.089512653648853302002 0.089512653648853302002
0.084161721169948577881 0.084578633308410644531 0.084578633308410644531 0.084578633308410644531 0.084578633308410644531 0.084578633308410644531 0.085055947303771972656 0.085055947303771972656 0.085055947303771972656 0.085055947303771972656 0.085055947303771972656 0.085055947303771972656 0.08563648909330368042 0.08563648909330368042 0.08563648909330368042 0.08563648909330368042 0.08563648909330368042 0.087916135787963867188 0.087916135787963867188 0.087916135787963867188 0.087916135787963867188 0.087916135787963867188 0.087916135787963867188 0.089531809091567993164 0.089531809091567993164 0.089531809091567993164 0.089531809091567993164 0.089531809091567993164 0.089810490608215332031 0.089810490608215332031 0.089810490608215332031 0.089810490608215332031 0.089810490608215332031 0.089810490608215332031 0.089512653648853302002 0.089512653648853302002 0.089512653648853302002 0.089512653648853302002
