vG_thetaS_100cm_BarticaBox_5km.asc
ncols        117
nrows        158
xllcorner    -161906
yllcorner    121774
cellsize     5000
NODATA_value -999
[rows 18 to 35 of 158, columns 39 to 77 of 117]
0.44130757451057434082 0.44130757451057434082 0.44130757451057434082 0.44130757451057434082 0.44130757451057434082 0.4440085291862487793 0.4440085291862487793 0.4440085291862487793 0.4440085291862487793 0.4440085291862487793 0.4440085291862487793 0.46064436435699462891 0.46064436435699462891 0.46064436435699462891 0.46064436435699462891 0.46064436435699462891 0.46592259407043457031 0.46592259407043457031 0.46592259407043457031 0.46592259407043457031 0.46592259407043457031 0.46592259407043457031 0.47534856200218200684 0.47534856200218200684 0.47534856200218200684 0.47534856200218200684 0.47534856200218200684 0.47310972213745117188 0.47310972213745117188 0.47310972213745117188 0.47310972213745117188 0.47310972213745117188 0.47310972213745117188 0.47813817858695983887 0.47813817858695983887 0.47813817858695983887 0.47813817858695983887 0.47813817858695983887 0.48547437787055969238
0.44130757451057434082 0.44130757451057434082 0.44130757451057434082 0.44130757451057434082 0.44130757451057434082 0.4440085291862487793 0.4440085291862487793 0.4440085291862487793 0.4440085291862487793 0.4440085291862487793 0.4440085291862487793 0.46064436435699462891 0.46064436435699462891 0.46064436435699462891 0.46064436435699462891 0.46064436435699462891 0.46592259407043457031 0.46592259407043457031 0.46592259407043457031 0.46592259407043457031 0.46592259407043457031 0.46592259407043457031 0.47534856200218200684 0.47534856200218200684 0.47534856200218200684 0.47534856200218200684 0.47534856200218200684 0.47310972213745117188 0.47310972213745117188 0.47310972213745117188 0.47310972213745117188 0.47310972213745117188 0.47310972213745117188 0.47813817858695983887 0.47813817858695983887 0.47813817858695983887 0.47813817858695983887 0.47813817858695983887 0.48547437787055969238
0.44130757451057434082 0.44130757451057434082 0.44130757451057434082 0.44130757451057434082 0.44130757451057434082 0.4440085291862487793 0.4440085291862487793 0.4440085291862487793 0.4440085291862487793 0.4440085291862487793 0.4440085291862487793 0.46064436435699462891 0.46064436435699462891 0.46064436435699462891 0.46064436435699462891 0.46064436435699462891 0.46592259407043457031 0.46592259407043457031 0.46592259407043457031 0.46592259407043457031 0.46592259407043457031 0.46592259407043457031 0.47534856200218200684 0.47534856200218200684 0.47534856200218200684 0.47534856200218200684 0.47534856200218200684 0.47310972213745117188 0.47310972213745117188 0.47310972213745117188 0.47310972213745117188 0.47310972213745117188 0.47310972213745117188 0.47813817858695983887 0.47813817858695983887 0.47813817858695983887 0.47813817858695983887 0.47813817858695983887 0.48547437787055969238
0.44130757451057434082 0.44130757451057434082 0.44130757451057434082 0.44130757451057434082 0.44130757451057434082 0.4440085291862487793 0.4440085291862487793 0.4440085291862487793 0.4440085291862487793 0.4440085291862487793 0.4440085291862487793 0.46064436435699462891 0.46064436435699462891 0.46064436435699462891 0.46064436435699462891 0.46064436435699462891 0.46592259407043457031 0.46592259407043457031 0.46592259407043457031 0.46592259407043457031 0.46592259407043457031 0.46592259407043457031 0.47534856200218200684 0.47534856200218200684 0.47534856200218200684 0.47534856200218200684 0.47534856200218200684 0.47310972213745117188 0.47310972213745117188 0.47310972213745117188 0.47310972213745117188 0.47310972213745117188 0.47310972213745117188 0.47813817858695983887 0.47813817858695983887 0.47813817858695983887 0.47813817858695983887 0.47813817858695983887 0.48547437787055969238
0.44130757451057434082 0.44130757451057434082 0.44130757451057434082 0.44130757451057434082 0.44130757451057434082 0.4440085291862487793 0.4440085291862487793 0.4440085291862487793 0.4440085291862487793 0.4440085291862487793 0.4440085291862487793 0.46064436435699462891 0.46064436435699462891 0.46064436435699462891 0.46064436435699462891 0.46064436435699462891 0.46592259407043457031 0.46592259407043457031 0.46592259407043457031 0.46592259407043457031 0.46592259407043457031 0.46592259407043457031 0.47534856200218200684 0.47534856200218200684 0.47534856200218200684 0.47534856200218200684 0.47534856200218200684 0.47310972213745117188 0.47310972213745117188 0.47310972213745117188 0.47310972213745117188 0.47310972213745117188 0.47310972213745117188 0.47813817858695983887 0.47813817858695983887 0.47813817858695983887 0.47813817858695983887 0.47813817858695983887 0.48547437787055969238
0.43346109986305236816 0.43346109986305236816 0.43346109986305236816 0.43346109986305236816 0.43346109986305236816 0.43708872795104980469 0.43708872795104980469 0.43708872795104980469 0.43708872795104980469 0.43708872795104980469 0.43708872795104980469 0.45571386814117431641 0.45571386814117431641 0.45571386814117431641 0.45571386814117431641 0.45571386814117431641 0.4613303840160369873 0.4613303840160369873 0.4613303840160369873 0.4613303840160369873 0.4613303840160369873 0.4613303840160369873 0.47426247596740722656 0.47426247596740722656 0.47426247596740722656 0.47426247596740722656 0.47426247596740722656 0.47743260860443115234 0.47743260860443115234 0.47743260860443115234 0.47743260860443115234 0.47743260860443115234 0.47743260860443115234 0.47615155577659606934 0.47615155577659606934 0.47615155577659606934 0.47615155577659606934 0.47615155577659606934 0.48016983270645141602
0.43346109986305236816 0.43346109986305236816 0.43346109986305236816 0.43346109986305236816 0.43346109986305236816 0.43708872795104980469 0.43708872795104980469 0.43708872795104980469 0.43708872795104980469 0.43708872795104980469 0.43708872795104980469 0.45571386814117431641 0.45571386814117431641 0.45571386814117431641 0.45571386814117431641 0.45571386814117431641 0.4613303840160369873 0.4613303840160369873 0.4613303840160369873 0.4613303840160369873 0.4613303840160369873 0.4613303840160369873 0.47426247596740722656 0.47426247596740722656 0.47426247596740722656 0.47426247596740722656 0.47426247596740722656 0.47743260860443115234 0.47743260860443115234 0.47743260860443115234 0.47743260860443115234 0.47743260860443115234 0.47743260860443115234 0.47615155577659606934 0.47615155577659606934 0.47615155577659606934 0.47615155577659606934 0.47615155577659606934 0.48016983270645141602
0.43346109986305236816 0.43346109986305236816 0.43346109986305236816 0.43346109986305236816 0.43346109986305236816 0.43708872795104980469 0.43708872795104980469 0.43708872795104980469 0.43708872795104980469 0.43708872795104980469 0.43708872795104980469 0.45571386814117431641 0.45571386814117431641 0.45571386814117431641 0.45571386814117431641 0.45571386814117431641 0.4613303840160369873 0.4613303840160369873 0.4613303840160369873 0.4613303840160369873 0.4613303840160369873 0.4613303840160369873 0.47426247596740722656 0.47426247596740722656 0.47426247596740722656 0.47426247596740722656 0.47426247596740722656 0.47743260860443115234 0.47743260860443115234 0.47743260860443115234 0.47743260860443115234 0.47743260860443115234 0.47743260860443115234 0.47615155577659606934 0.47615155577659606934 0.47615155577659606934 0.47615155577659606934 0.47615155577659606934 0.48016983270645141602
0.43346109986305236816 0.43346109986305236816 0.43346109986305236816 0.43346109986305236816 0.43346109986305236816 0.43708872795104980469 0.43708872795104980469 0.43708872795104980469 0.43708872795104980469 0.43708872795104980469 0.43708872795104980469 0.45571386814117431641 0.45571386814117431641 0.45571386814117431641 0.45571386814117431641 0.45571386814117431641 0.4613303840160369873 0.4613303840160369873 0.4613303840160369873 0.4613303840160369873 0.4613303840160369873 0.4613303840160369873 0.47426247596740722656 0.47426247596740722656 0.47426247596740722656 0.47426247596740722656 0.47426247596740722656 0.47743260860443115234 0.47743260860443115234 0.47743260860443115234 0.47743260860443115234 0.47743260860443115234 0.47743260860443115234 0.47615155577659606934 0.47615155577659606934 0.47615155577659606934 0.47615155577659606934 0.47615155577659606934 0.48016983270645141602
0.43346109986305236816 0.43346109986305236816 0.43346109986305236816 0.43346109986305236816 0.43346109986305236816 0.43708872795104980469 0.43708872795104980469 0.43708872795104980469 0.43708872795104980469 0.43708872795104980469 0.43708872795104980469 0.45571386814117431641 0.45571386814117431641 0.45571386814117431641 0.45571386814117431641 0.45571386814117431641 0.4613303840160369873 0.4613303840160369873 0.4613303840160369873 0.4613303840160369873 0.4613303840160369873 0.4613303840160369873 0.47426247596740722656 0.47426247596740722656 0.47426247596740722656 0.47426247596740722656 0.47426247596740722656 0.47743260860443115234 0.47743260860443115234 0.47743260860443115234 0.47743260860443115234 0.47743260860443115234 0.47743260860443115234 0.47615155577659606934 0.47615155577659606934 0.47615155577659606934 0.47615155577659606934 0.47615155577659606934 0.48016983270645141602
0.43346109986305236816 0.43346109986305236816 0.43346109986305236816 0.43346109986305236816 0.43346109986305236816 0.43708872795104980469 0.43708872795104980469 0.43708872795104980469 0.43708872795104980469 0.43708872795104980469 0.43708872795104980469 0.45571386814117431641 0.45571386814117431641 0.45571386814117431641 0.45571386814117431641 0.45571386814117431641 0.4613303840160369873 0.4613303840160369873 0.4613303840160369873 0.4613303840160369873 0.4613303840160369873 0.4613303840160369873 0.47426247596740722656 0.47426247596740722656 0.47426247596740722656 0.47426247596740722656 0.47426247596740722656 0.47743260860443115234 0.47743260860443115234 0.47743260860443115234 0.47743260860443115234 0.47743260860443115234 0.47743260860443115234 0.47615155577659606934 0.47615155577659606934 0.47615155577659606934 0.47615155577659606934 0.47615155577659606934 0.48016983270645141602
0.43777254223823547363 0.43777254223823547363 0.43777254223823547363 0.43777254223823547363 0.43777254223823547363 0.44119060039520263672 0.44119060039520263672 0.44119060039520263672 0.44119060039520263672 0.44119060039520263672 0.44119060039520263672 0.45311468839645385742 0.45311468839645385742 0.45311468839645385742 0.45311468839645385742 0.45311468839645385742 0.4661089777946472168 0.4661089777946472168 0.4661089777946472168 0.4661089777946472168 0.4661089777946472168 0.4661089777946472168 0.47403073310852050781 0.47403073310852050781 0.47403073310852050781 0.47403073310852050781 0.47403073310852050781 0.47530114650726318359 0.47530114650726318359 0.47530114650726318359 0.47530114650726318359 0.47530114650726318359 0.47530114650726318359 0.47210624814033508301 0.47210624814033508301 0.47210624814033508301 0.47210624814033508301 0.47210624814033508301 0.47255352139472961426
0.43777254223823547363 0.43777254223823547363 0.43777254223823547363 0.43777254223823547363 0.43777254223823547363 0.44119060039520263672 0.44119060039520263672 0.44119060039520263672 0.44119060039520263672 0.44119060039520263672 0.44119060039520263672 0.45311468839645385742 0.45311468839645385742 0.45311468839645385742 0.45311468839645385742 0.45311468839645385742 0.4661089777946472168 0.4661089777946472168 0.4661089777946472168 0.4661089777946472168 0.4661089777946472168 0.4661089777946472168 0.47403073310852050781 0.47403073310852050781 0.47403073310852050781 0.47403073310852050781 0.47403073310852050781 0.47530114650726318359 0.47530114650726318359 0.47530114650726318359 0.47530114650726318359 0.47530114650726318359 0.47530114650726318359 0.47210624814033508301 0.47210624814033508301 0.47210624814033508301 0.47210624814033508301 0.47210624814033508301 0.47255352139472961426
0.43777254223823547363 0.43777254223823547363 0.43777254223823547363 0.43777254223823547363 0.43777254223823547363 0.44119060039520263672 0.44119060039520263672 0.44119060039520263672 0.44119060039520263672 0.44119060039520263672 0.44119060039520263672 0.45311468839645385742 0.45311468839645385742 0.45311468839645385742 0.45311468839645385742 0.45311468839645385742 0.4661089777946472168 0.4661089777946472168 0.4661089777946472168 0.4661089777946472168 0.4661089777946472168 0.4661089777946472168 0.47403073310852050781 0.47403073310852050781 0.47403073310852050781 0.47403073310852050781 0.47403073310852050781 0.47530114650726318359 0.47530114650726318359 0.47530114650726318359 0.47530114650726318359 0.47530114650726318359 0.47530114650726318359 0.47210624814033508301 0.47210624814033508301 0.47210624814033508301 0.47210624814033508301 0.47210624814033508301 0.47255352139472961426
0.43777254223823547363 0.43777254223823547363 0.43777254223823547363 0.43777254223823547363 0.43777254223823547363 0.44119060039520263672 0.44119060039520263672 0.44119060039520263672 0.44119060039520263672 0.44119060039520263672 0.44119060039520263672 0.45311468839645385742 0.45311468839645385742 0.45311468839645385742 0.45311468839645385742 0.45311468839645385742 0.4661089777946472168 0.4661089777946472168 0.4661089777946472168 0.4661089777946472168 0.4661089777946472168 0.4661089777946472168 0.47403073310852050781 0.47403073310852050781 0.47403073310852050781 0.47403073310852050781 0.47403073310852050781 0.47530114650726318359 0.47530114650726318359 0.47530114650726318359 0.47530114650726318359 0.47530114650726318359 0.47530114650726318359 0.47210624814033508301 0.47210624814033508301 0.47210624814033508301 0.47210624814033508301 0.47210624814033508301 0.47255352139472961426
0.43777254223823547363 0.43777254223823547363 0.43777254223823547363 0.43777254223823547363 0.43777254223823547363 0.44119060039520263672 0.44119060039520263672 0.44119060039520263672 0.44119060039520263672 0.44119060039520263672 0.44119060039520263672 0.45311468839645385742 0.45311468839645385742 0.45311468839645385742 0.45311468839645385742 0.45311468839645385742 0.4661089777946472168 0.4661089777946472168 0.4661089777946472168 0.4661089777946472168 0.4661089777946472168 0.4661089777946472168 0.47403073310852050781 0.47403073310852050781 0.47403073310852050781 0.47403073310852050781 0.47403073310852050781 0.47530114650726318359 0.47530114650726318359 0.47530114650726318359 0.47530114650726318359 0.47530114650726318359 0.47530114650726318359 0.47210624814033508301 0.47210624814033508301 0.47210624814033508301 0.47210624814033508301 0.47210624814033508301 0.47255352139472961426
0.43777254223823547363 0.43777254223823547363 0.43777254223823547363 0.43777254223823547363 0.43777254223823547363 0.44119060039520263672 0.44119060039520263672 0.44119060039520263672 0.44119060039520263672 0.44119060039520263672 0.44119060039520263672 0.45311468839645385742 0.45311468839645385742 0.45311468839645385742 0.45311468839645385742 0.45311468839645385742 0.4661089777946472168 0.4661089777946472168 0.4661089777946472168 0.4661089777946472168 0.4661089777946472168 0.4661089777946472168 0.47403073310852050781 0.47403073310852050781 0.47403073310852050781 0.47403073310852050781 0.47403073310852050781 0.47530114650726318359 0.47530114650726318359 0.47530114650726318359 0.47530114650726318359 0.47530114650726318359 0.47530114650726318359 0.47210624814033508301 0.47210624814033508301 0.47210624814033508301 0.47210624814033508301 0.47210624814033508301 0.47255352139472961426
0.45627894997596740723 0.45627894997596740723 0.45627894997596740723 0.45627894997596740723 0.45627894997596740723 0.47464871406555175781 0.47464871406555175781 0.47464871406555175781 0.47464871406555175781 0.47464871406555175781 0.47464871406555175781 0.48084437847137451172 0.48084437847137451172 0.48084437847137451172 0.48084437847137451172 0.48084437847137451172 0.48834958672523498535 0.48834958672523498535 0.48834958672523498535 0.48834958672523498535 0.48834958672523498535 0.48834958672523498535 0.48914569616317749023 0.48914569616317749023 0.48914569616317749023 0.48914569616317749023 0.48914569616317749023 0.48146116733551025391 0.48146116733551025391 0.48146116733551025391 0.48146116733551025391 0.48146116733551025391 0.48146116733551025391 0.47243082523345947266 0.47243082523345947266 0.47243082523345947266 0.47243082523345947266 0.47243082523345947266 0.46551856398582458496
