vG_thetaS_100cm_BarticaBox_5km.asc
ncols        117
nrows        158
xllcorner    -161906
yllcorner    121774
cellsize     5000
NODATA_value -999
[rows 90 to 107 of 158, columns 39 to 77 of 117]
0.45942202210426330566 0.45942202210426330566 0.45942202210426330566 0.45942202210426330566 0.45942202210426330566 0.45261290669441223145 0.45261290669441223145 0.45261290669441223145 0.45261290669441223145 0.45261290669441223145 0.45261290669441223145 0.44486832618713378906 0.44486832618713378906 0.44486832618713378906 0.44486832618713378906 0.44486832618713378906 0.44000902771949768066 0.44000902771949768066 0.44000902771949768066 0.44000902771949768066 0.44000902771949768066 0.44000902771949768066 0.44706264138221740723 0.44706264138221740723 0.44706264138221740723 0.44706264138221740723 0.44706264138221740723 0.44990000128746032715 0.44990000128746032715 0.44990000128746032715 0.44990000128746032715 0.44990000128746032715 0.44990000128746032715 0.4650579988956451416 0.4650579988956451416 0.4650579988956451416 0.4650579988956451416 0.4650579988956451416 0.47910141944885253906
0.43339526653289794922 0.43339526653289794922 0.43339526653289794922 0.43339526653289794922 0.43339526653289794922 0.42877051234245300293 0.42877051234245300293 0.42877051234245300293 0.42877051234245300293 0.42877051234245300293 0.42877051234245300293 0.4258498847484588623 0.4258498847484588623 0.4258498847484588623 0.4258498847484588623 0.4258498847484588623 0.42513179779052734375 0.42513179779052734375 0.42513179779052734375 0.42513179779052734375 0.42513179779052734375 0.42513179779052734375 0.44349387288093566895 0.44349387288093566895 0.44349387288093566895 0.44349387288093566895 0.44349387288093566895 0.4531122744083404541 0.4531122744083404541 0.4531122744083404541 0.4531122744083404541 0.4531122744083404541 0.4531122744083404541 0.45728918910026550293 0.45728918910026550293 0.45728918910026550293 0.45728918910026550293 0.45728918910026550293 0.47114250063896179199
0.43339526653289794922 0.43339526653289794922 0.43339526653289794922 0.43339526653289794922 0.43339526653289794922 0.42877051234245300293 0.42877051234245300293 0.42877051234245300293 0.42877051234245300293 0.42877051234245300293 0.42877051234245300293 0.4258498847484588623 0.4258498847484588623 0.4258498847484588623 0.4258498847484588623 0.4258498847484588623 0.42513179779052734375 0.42513179779052734375 0.42513179779052734375 0.42513179779052734375 0.42513179779052734375 0.42513179779052734375 0.44349387288093566895 0.44349387288093566895 0.44349387288093566895 0.44349387288093566895 0.44349387288093566895 0.4531122744083404541 0.4531122744083404541 0.4531122744083404541 0.4531122744083404541 0.4531122744083404541 0.4531122744083404541 0.45728918910026550293 0.45728918910026550293 0.45728918910026550293 0.45728918910026550293 0.45728918910026550293 0.47114250063896179199
0.43339526653289794922 0.43339526653289794922 0.43339526653289794922 0.43339526653289794922 0.43339526653289794922 0.42877051234245300293 0.42877051234245300293 0.42877051234245300293 0.42877051234245300293 0.42877051234245300293 0.42877051234245300293 0.4258498847484588623 0.4258498847484588623 0.4258498847484588623 0.4258498847484588623 0.4258498847484588623 0.42513179779052734375 0.42513179779052734375 0.42513179779052734375 0.42513179779052734375 0.42513179779052734375 0.42513179779052734375 0.44349387288093566895 0.44349387288093566895 0.44349387288093566895 0.44349387288093566895 0.44349387288093566895 0.4531122744083404541 0.4531122744083404541 0.4531122744083404541 0.4531122744083404541 0.4531122744083404541 0.4531122744083404541 0.45728918910026550293 0.45728918910026550293 0.45728918910026550293 0.45728918910026550293 0.45728918910026550293 0.47114250063896179199
0.43339526653289794922 0.43339526653289794922 0.43339526653289794922 0.43339526653289794922 0.43339526653289794922 0.42877051234245300293 0.42877051234245300293 0.42877051234245300293 0.42877051234245300293 0.42877051234245300293 0.42877051234245300293 0.4258498847484588623 0.4258498847484588623 0.4258498847484588623 0.4258498847484588623 0.4258498847484588623 0.42513179779052734375 0.42513179779052734375 0.42513179779052734375 0.42513179779052734375 0.42513179779052734375 0.42513179779052734375 0.44349387288093566895 0.44349387288093566895 0.44349387288093566895 0.44349387288093566895 0.44349387288093566895 0.4531122744083404541 0.4531122744083404541 0.4531122744083404541 0.4531122744083404541 0.4531122744083404541 0.4531122744083404541 0.45728918910026550293 0.45728918910026550293 0.45728918910026550293 0.45728918910026550293 0.45728918910026550293 0.47114250063896179199
0.43339526653289794922 0.43339526653289794922 0.43339526653289794922 0.43339526653289794922 0.43339526653289794922 0.42877051234245300293 0.42877051234245300293 0.42877051234245300293 0.42877051234245300293 0.42877051234245300293 0.42877051234245300293 0.4258498847484588623 0.4258498847484588623 0.4258498847484588623 0.4258498847484588623 0.4258498847484588623 0.42513179779052734375 0.42513179779052734375 0.42513179779052734375 0.42513179779052734375 0.42513179779052734375 0.42513179779052734375 0.44349387288093566895 0.44349387288093566895 0.44349387288093566895 0.44349387288093566895 0.44349387288093566895 0.4531122744083404541 0.4531122744083404541 0.4531122744083404541 0.4531122744083404541 0.4531122744083404541 0.4531122744083404541 0.45728918910026550293 0.45728918910026550293 0.45728918910026550293 0.45728918910026550293 0.45728918910026550293 0.47114250063896179199
0.42477455735206604004 0.42477455735206604004 0.42477455735206604004 0.42477455735206604004 0.42477455735206604004 0.422756195068359375 0.422756195068359375 0.422756195068359375 0.422756195068359375 0.422756195068359375 0.422756195068359375 0.4169076383113861084 0.4169076383113861084 0.4169076383113861084 0.4169076383113861084 0.4169076383113861084 0.42014858126640319824 0.42014858126640319824 0.42014858126640319824 0.42014858126640319824 0.42014858126640319824 0.42014858126640319824 0.43274480104446411133 0.43274480104446411133 0.43274480104446411133 0.43274480104446411133 0.43274480104446411133 0.43013334274291992188 0.43013334274291992188 0.43013334274291992188 0.43013334274291992188 0.43013334274291992188 0.43013334274291992188 0.43340897560119628906 0.43340897560119628906 0.43340897560119628906 0.43340897560119628906 0.43340897560119628906 0.43783718347549438477
0.42477455735206604004 0.42477455735206604004 0.42477455735206604004 0.42477455735206604004 0.42477455735206604004 0.422756195068359375 0.422756195068359375 0.422756195068359375 0.422756195068359375 0.422756195068359375 0.422756195068359375 0.4169076383113861084 0.4169076383113861084 0.4169076383113861084 0.4169076383113861084 0.4169076383113861084 0.42014858126640319824 0.42014858126640319824 0.42014858126640319824 0.42014858126640319824 0.42014858126640319824 0.42014858126640319824 0.43274480104446411133 0.43274480104446411133 0.43274480104446411133 0.43274480104446411133 0.43274480104446411133 0.43013334274291992188 0.43013334274291992188 0.43013334274291992188 0.43013334274291992188 0.43013334274291992188 0.43013334274291992188 0.43340897560119628906 0.43340897560119628906 0.43340897560119628906 0.43340897560119628906 0.43340897560119628906 0.43783718347549438477
0.42477455735206604004 0.42477455735206604004 0.42477455735206604004 0.42477455735206604004 0.42477455735206604004 0.422756195068359375 0.422756195068359375 0.422756195068359375 0.422756195068359375 0.422756195068359375 0.422756195068359375 0.4169076383113861084 0.4169076383113861084 0.4169076383113861084 0.4169076383113861084 0.4169076383113861084 0.42014858126640319824 0.42014858126640319824 0.42014858126640319824 0.42014858126640319824 0.42014858126640319824 0.42014858126640319824 0.43274480104446411133 0.43274480104446411133 0.43274480104446411133 0.43274480104446411133 0.43274480104446411133 0.43013334274291992188 0.43013334274291992188 0.43013334274291992188 0.43013334274291992188 0.43013334274291992188 0.43013334274291992188 0.43340897560119628906 0.43340897560119628906 0.43340897560119628906 0.43340897560119628906 0.43340897560119628906 0.43783718347549438477
0.42477455735206604004 0.42477455735206604004 0.42477455735206604004 0.42477455735206604004 0.42477455735206604004 0.422756195068359375 0.422756195068359375 0.422756195068359375 0.422756195068359375 0.422756195068359375 0.422756195068359375 0.4169076383113861084 0.4169076383113861084 0.4169076383113861084 0.4169076383113861084 0.4169076383113861084 0.42014858126640319824 0.42014858126640319824 0.42014858126640319824 0.42014858126640319824 0.42014858126640319824 0.42014858126640319824 0.43274480104446411133 0.43274480104446411133 0.43274480104446411133 0.43274480104446411133 0.43274480104446411133 0.43013334274291992188 0.43013334274291992188 0.43013334274291992188 0.43013334274291992188 0.43013334274291992188 0.43013334274291992188 0.43340897560119628906 0.43340897560119628906 0.43340897560119628906 0.43340897560119628906 0.43340897560119628906 0.43783718347549438477
0.42477455735206604004 0.42477455735206604004 0.42477455735206604004 0.42477455735206604004 0.42477455735206604004 0.422756195068359375 0.422756195068359375 0.422756195068359375 0.422756195068359375 0.422756195068359375 0.422756195068359375 0.4169076383113861084 0.4169076383113861084 0.4169076383113861084 0.4169076383113861084 0.4169076383113861084 0.42014858126640319824 0.42014858126640319824 0.42014858126640319824 0.42014858126640319824 0.42014858126640319824 0.42014858126640319824 0.43274480104446411133 0.43274480104446411133 0.43274480104446411133 0.43274480104446411133 0.43274480104446411133 0.43013334274291992188 0.43013334274291992188 0.43013334274291992188 0.43013334274291992188 0.43013334274291992188 0.43013334274291992188 0.43340897560119628906 0.43340897560119628906 0.43340897560119628906 0.43340897560119628906 0.43340897560119628906 0.43783718347549438477
0.42477455735206604004 0.42477455735206604004 0.42477455735206604004 0.42477455735206604004 0.42477455735206604004 0.422756195068359375 0.422756195068359375 0.422756195068359375 0.422756195068359375 0.422756195068359375 0.422756195068359375 0.4169076383113861084 0.4169076383113861084 0.4169076383113861084 0.4169076383113861084 0.4169076383113861084 0.42014858126640319824 0.42014858126640319824 0.42014858126640319824 0.42014858126640319824 0.42014858126640319824 0.42014858126640319824 0.43274480104446411133 0.43274480104446411133 0.43274480104446411133 0.43274480104446411133 0.43274480104446411133 0.43013334274291992188 0.43013334274291992188 0.43013334274291992188 0.43013334274291992188 0.43013334274291992188 0.43013334274291992188 0.43340897560119628906 0.43340897560119628906 0.43340897560119628906 0.43340897560119628906 0.43340897560119628906 0.43783718347549438477
0.42012834548950195312 0.42012834548950195312 0.42012834548950195312 0.42012834548950195312 0.42012834548950195312 0.41487637162208557129 0.41487637162208557129 0.41487637162208557129 0.41487637162208557129 0.41487637162208557129 0.41487637162208557129 0.40759330987930297852 0.40759330987930297852 0.40759330987930297852 0.40759330987930297852 0.40759330987930297852 0.4074147641658782959 0.4074147641658782959 0.4074147641658782959 0.4074147641658782959 0.4074147641658782959 0.4074147641658782959 0.4075654447078704834 0.4075654447078704834 0.4075654447078704834 0.4075654447078704834 0.4075654447078704834 0.41546452045440673828 0.41546452045440673828 0.41546452045440673828 0.41546452045440673828 0.41546452045440673828 0.41546452045440673828 0.42859020829200744629 0.42859020829200744629 0.42859020829200744629 0.42859020829200744629 0.42859020829200744629 0.43062332272529602051
0.42012834548950195312 0.42012834548950195312 0.42012834548950195312 0.42012834548950195312 0.42012834548950195312 0.41487637162208557129 0.41487637162208557129 0.41487637162208557129 0.41487637162208557129 0.41487637162208557129 0.41487637162208557129 0.40759330987930297852 0.40759330987930297852 0.40759330987930297852 0.40759330987930297852 0.40759330987930297852 0.4074147641658782959 0.4074147641658782959 0.4074147641658782959 0.4074147641658782959 0.4074147641658782959 0.4074147641658782959 0.4075654447078704834 0.4075654447078704834 0.4075654447078704834 0.4075654447078704834 0.4075654447078704834 0.41546452045440673828 0.41546452045440673828 0.41546452045440673828 0.41546452045440673828 0.41546452045440673828 0.41546452045440673828 0.42859020829200744629 0.42859020829200744629 0.42859020829200744629 0.42859020829200744629 0.42859020829200744629 0.43062332272529602051
0.42012834548950195312 0.42012834548950195312 0.42012834548950195312 0.42012834548950195312 0.42012834548950195312 0.41487637162208557129 0.41487637162208557129 0.41487637162208557129 0.41487637162208557129 0.41487637162208557129 0.41487637162208557129 0.40759330987930297852 0.40759330987930297852 0.40759330987930297852 0.40759330987930297852 0.40759330987930297852 0.4074147641658782959 0.4074147641658782959 0.4074147641658782959 0.4074147641658782959 0.4074147641658782959 0.4074147641658782959 0.4075654447078704834 0.4075654447078704834 0.4075654447078704834 0.4075654447078704834 0.4075654447078704834 0.41546452045440673828 0.41546452045440673828 0.41546452045440673828 0.41546452045440673828 0.41546452045440673828 0.41546452045440673828 0.42859020829200744629 0.42859020829200744629 0.42859020829200744629 0.42859020829200744629 0.42859020829200744629 0.43062332272529602051
0.42012834548950195312 0.42012834548950195312 0.42012834548950195312 0.42012834548950195312 0.42012834548950195312 0.41487637162208557129 0.41487637162208557129 0.41487637162208557129 0.41487637162208557129 0.41487637162208557129 0.41487637162208557129 0.40759330987930297852 0.40759330987930297852 0.40759330987930297852 0.40759330987930297852 0.40759330987930297852 0.4074147641658782959 0.4074147641658782959 0.4074147641658782959 0.4074147641658782959 0.4074147641658782959 0.4074147641658782959 0.4075654447078704834 0.4075654447078704834 0.4075654447078704834 0.4075654447078704834 0.4075654447078704834 0.41546452045440673828 0.41546452045440673828 0.41546452045440673828 0.41546452045440673828 0.41546452045440673828 0.41546452045440673828 0.42859020829200744629 0.42859020829200744629 0.42859020829200744629 0.42859020829200744629 0.42859020829200744629 0.43062332272529602051
0.42012834548950195312 0.42012834548950195312 0.42012834548950195312 0.42012834548950195312 0.42012834548950195312 0.41487637162208557129 0.41487637162208557129 0.41487637162208557129 0.41487637162208557129 0.41487637162208557129 0.41487637162208557129 0.40759330987930297852 0.40759330987930297852 0.40759330987930297852 0.40759330987930297852 0.40759330987930297852 0.4074147641658782959 0.4074147641658782959 0.4074147641658782959 0.4074147641658782959 0.4074147641658782959 0.4074147641658782959 0.4075654447078704834 0.4075654447078704834 0.4075654447078704834 0.4075654447078704834 0.4075654447078704834 0.41546452045440673828 0.41546452045440673828 0.41546452045440673828 0.41546452045440673828 0.41546452045440673828 0.41546452045440673828 0.42859020829200744629 0.42859020829200744629 0.42859020829200744629 0.42859020829200744629 0.42859020829200744629 0.43062332272529602051
0.42012834548950195312 0.42012834548950195312 0.42012834548950195312 0.42012834548950195312 0.42012834548950195312 0.41487637162208557129 0.41487637162208557129 0.41487637162208557129 0.41487637162208557129 0.41487637162208557129 0.41487637162208557129 0.40759330987930297852 0.40759330987930297852 0.40759330987930297852 0.40759330987930297852 0.40759330987930297852 0.4074147641658782959 0.4074147641658782959 0.4074147641658782959 0.4074147641658782959 0.4074147641658782959 0.4074147641658782959 0.4075654447078704834 0.4075654447078704834 0.4075654447078704834 0.4075654447078704834 0.4075654447078704834 0.41546452045440673828 0.41546452045440673828 0.41546452045440673828 0.41546452045440673828 0.41546452045440673828 0.41546452045440673828 0.42859020829200744629 0.42859020829200744629 0.42859020829200744629 0.42859020829200744629 0.42859020829200744629 0.43062332272529602051
