vG_thetaS_100cm_BarticaBox_5km.asc
ncols        117
nrows        158
xllcorner    -161906
yllcorner    121774
cellsize     5000
NODATA_value -999
[rows 54 to 71 of 158, columns 39 to 77 of 117]
0.46993494033813476562 0.46993494033813476562 0.46993494033813476562 0.46993494033813476562 0.46993494033813476562 0.47020766139030456543 0.47020766139030456543 0.47020766139030456543 0.47020766139030456543 0.47020766139030456543 0.47020766139030456543 0.47459331154823303223 0.47459331154823303223 0.47459331154823303223 0.47459331154823303223 0.47459331154823303223 0.48275953531265258789 0.48275953531265258789 0.48275953531265258789 0.48275953531265258789 0.48275953531265258789 0.48275953531265258789 0.49483728408813476562 0.49483728408813476562 0.49483728408813476562 0.49483728408813476562 0.49483728408813476562 0.48818373680114746094 0.48818373680114746094 0.48818373680114746094 0.48818373680114746094 0.48818373680114746094 0.48818373680114746094 0.48739358782768249512 0.48739358782768249512 0.48739358782768249512 0.48739358782768249512 0.48739358782768249512 0.48216909170150756836
0.46993494033813476562 0.46993494033813476562 0.46993494033813476562 0.46993494033813476562 0.46993494033813476562 0.47020766139030456543 0.47020766139030456543 0.47020766139030456543 0.47020766139030456543 0.47020766139030456543 0.47020766139030456543 0.47459331154823303223 0.47459331154823303223 0.47459331154823303223 0.47459331154823303223 0.47459331154823303223 0.48275953531265258789 0.48275953531265258789 0.48275953531265258789 0.48275953531265258789 0.48275953531265258789 0.48275953531265258789 0.49483728408813476562 0.49483728408813476562 0.49483728408813476562 0.49483728408813476562 0.49483728408813476562 0.48818373680114746094 0.48818373680114746094 0.48818373680114746094 0.48818373680114746094 0.48818373680114746094 0.48818373680114746094 0.48739358782768249512 0.48739358782768249512 0.48739358782768249512 0.48739358782768249512 0.48739358782768249512 0.48216909170150756836
0.46993494033813476562 0.46993494033813476562 0.46993494033813476562 0.46993494033813476562 0.46993494033813476562 0.47020766139030456543 0.47020766139030456543 0.47020766139030456543 0.47020766139030456543 0.47020766139030456543 0.47020766139030456543 0.47459331154823303223 0.47459331154823303223 0.47459331154823303223 0.47459331154823303223 0.47459331154823303223 0.48275953531265258789 0.48275953531265258789 0.48275953531265258789 0.48275953531265258789 0.48275953531265258789 0.48275953531265258789 0.49483728408813476562 0.49483728408813476562 0.49483728408813476562 0.49483728408813476562 0.49483728408813476562 0.48818373680114746094 0.48818373680114746094 0.48818373680114746094 0.48818373680114746094 0.48818373680114746094 0.48818373680114746094 0.48739358782768249512 0.48739358782768249512 0.48739358782768249512 0.48739358782768249512 0.48739358782768249512 0.48216909170150756836
0.46335774660110473633 0.46335774660110473633 0.46335774660110473633 0.46335774660110473633 0.46335774660110473633 0.4641819298267364502 0.4641819298267364502 0.4641819298267364502 0.4641819298267364502 0.4641819298267364502 0.4641819298267364502 0.47163930535316467285 0.47163930535316467285 0.47163930535316467285 0.47163930535316467285 0.47163930535316467285 0.47450923919677734375 0.47450923919677734375 0.47450923919677734375 0.47450923919677734375 0.47450923919677734375 0.47450923919677734375 0.48143225908279418945 0.48143225908279418945 0.48143225908279418945 0.48143225908279418945 0.48143225908279418945 0.49562269449234008789 0.49562269449234008789 0.49562269449234008789 0.49562269449234008789 0.49562269449234008789 0.49562269449234008789 0.49350079894065856934 0.49350079894065856934 0.49350079894065856934 0.49350079894065856934 0.49350079894065856934 0.48099890351295471191
0.46335774660110473633 0.46335774660110473633 0.46335774660110473633 0.46335774660110473633 0.46335774660110473633 0.4641819298267364502 0.4641819298267364502 0.4641819298267364502 0.4641819298267364502 0.4641819298267364502 0.4641819298267364502 0.47163930535316467285 0.47163930535316467285 0.47163930535316467285 0.47163930535316467285 0.47163930535316467285 0.47450923919677734375 0.47450923919677734375 0.47450923919677734375 0.47450923919677734375 0.47450923919677734375 0.47450923919677734375 0.48143225908279418945 0.48143225908279418945 0.48143225908279418945 0.48143225908279418945 0.48143225908279418945 0.49562269449234008789 0.49562269449234008789 0.49562269449234008789 0.49562269449234008789 0.49562269449234008789 0.49562269449234008789 0.49350079894065856934 0.49350079894065856934 0.49350079894065856934 0.49350079894065856934 0.49350079894065856934 0.48099890351295471191
0.46335774660110473633 0.46335774660110473633 0.46335774660110473633 0.46335774660110473633 0.46335774660110473633 0.4641819298267364502 0.4641819298267364502 0.4641819298267364502 0.4641819298267364502 0.4641819298267364502 0.4641819298267364502 0.47163930535316467285 0.47163930535316467285 0.47163930535316467285 0.47163930535316467285 0.47163930535316467285 0.47450923919677734375 0.47450923919677734375 0.47450923919677734375 0.47450923919677734375 0.47450923919677734375 0.47450923919677734375 0.48143225908279418945 0.48143225908279418945 0.48143225908279418945 0.48143225908279418945 0.48143225908279418945 0.49562269449234008789 0.49562269449234008789 0.49562269449234008789 0.49562269449234008789 0.49562269449234008789 0.49562269449234008789 0.49350079894065856934 0.49350079894065856934 0.49350079894065856934 0.49350079894065856934 0.49350079894065856934 0.48099890351295471191
0.46335774660110473633 0.46335774660110473633 0.46335774660110473633 0.46335774660110473633 0.46335774660110473633 0.4641819298267364502 0.4641819298267364502 0.4641819298267364502 0.4641819298267364502 0.4641819298267364502 0.4641819298267364502 0.47163930535316467285 0.47163930535316467285 0.47163930535316467285 0.47163930535316467285 0.47163930535316467285 0.47450923919677734375 0.47450923919677734375 0.47450923919677734375 0.47450923919677734375 0.47450923919677734375 0.47450923919677734375 0.48143225908279418945 0.48143225908279418945 0.48143225908279418945 0.48143225908279418945 0.48143225908279418945 0.49562269449234008789 0.49562269449234008789 0.49562269449234008789 0.49562269449234008789 0.49562269449234008789 0.49562269449234008789 0.49350079894065856934 0.49350079894065856934 0.49350079894065856934 0.49350079894065856934 0.49350079894065856934 0.48099890351295471191
0.46335774660110473633 0.46335774660110473633 0.46335774660110473633 0.46335774660110473633 0.46335774660110473633 0.4641819298267364502 0.4641819298267364502 0.4641819298267364502 0.4641819298267364502 0.4641819298267364502 0.4641819298267364502 0.47163930535316467285 0.47163930535316467285 0.47163930535316467285 0.47163930535316467285 0.47163930535316467285 0.47450923919677734375 0.47450923919677734375 0.47450923919677734375 0.47450923919677734375 0.47450923919677734375 0.47450923919677734375 0.48143225908279418945 0.48143225908279418945 0.48143225908279418945 0.48143225908279418945 0.48143225908279418945 0.49562269449234008789 0.49562269449234008789 0.49562269449234008789 0.49562269449234008789 0.49562269449234008789 0.49562269449234008789 0.49350079894065856934 0.49350079894065856934 0.49350079894065856934 0.49350079894065856934 0.49350079894065856934 0.48099890351295471191
0.46335774660110473633 0.46335774660110473633 0.46335774660110473633 0.46335774660110473633 0.46335774660110473633 0.4641819298267364502 0.4641819298267364502 0.4641819298267364502 0.4641819298267364502 0.4641819298267364502 0.4641819298267364502 0.47163930535316467285 0.47163930535316467285 0.47163930535316467285 0.47163930535316467285 0.47163930535316467285 0.47450923919677734375 0.47450923919677734375 0.47450923919677734375 0.47450923919677734375 0.47450923919677734375 0.47450923919677734375 0.48143225908279418945 0.48143225908279418945 0.48143225908279418945 0.48143225908279418945 0.48143225908279418945 0.49562269449234008789 0.49562269449234008789 0.49562269449234008789 0.49562269449234008789 0.49562269449234008789 0.49562269449234008789 0.49350079894065856934 0.49350079894065856934 0.49350079894065856934 0.49350079894065856934 0.49350079894065856934 0.48099890351295471191
0.46437296271324157715 0.46437296271324157715 0.46437296271324157715 0.46437296271324157715 0.46437296271324157715 0.4743849337100982666 0.4743849337100982666 0.4743849337100982666 0.4743849337100982666 0.4743849337100982666 0.4743849337100982666 0.46307203173637390137 0.46307203173637390137 0.46307203173637390137 0.46307203173637390137 0.46307203173637390137 0.47365310788154602051 0.47365310788154602051 0.47365310788154602051 0.47365310788154602051 0.47365310788154602051 0.47365310788154602051 0.47864073514938354492 0.47864073514938354492 0.47864073514938354492 0.47864073514938354492 0.47864073514938354492 0.49053481221199035645 0.49053481221199035645 0.49053481221199035645 0.49053481221199035645 0.49053481221199035645 0.49053481221199035645 0.48885035514831542969 0.48885035514831542969 0.48885035514831542969 0.48885035514831542969 0.48885035514831542969 0.48517072200775146484
0.46437296271324157715 0.46437296271324157715 0.46437296271324157715 0.46437296271324157715 0.46437296271324157715 0.4743849337100982666 0.4743849337100982666 0.4743849337100982666 0.4743849337100982666 0.4743849337100982666 0.4743849337100982666 0.46307203173637390137 0.46307203173637390137 0.46307203173637390137 0.46307203173637390137 0.46307203173637390137 0.47365310788154602051 0.47365310788154602051 0.47365310788154602051 0.47365310788154602051 0.47365310788154602051 0.47365310788154602051 0.47864073514938354492 0.47864073514938354492 0.47864073514938354492 0.47864073514938354492 0.47864073514938354492 0.49053481221199035645 0.49053481221199035645 0.49053481221199035645 0.49053481221199035645 0.49053481221199035645 0.49053481221199035645 0.48885035514831542969 0.48885035514831542969 0.48885035514831542969 0.48885035514831542969 0.48885035514831542969 0.48517072200775146484
0.46437296271324157715 0.46437296271324157715 0.46437296271324157715 0.46437296271324157715 0.46437296271324157715 0.4743849337100982666 0.4743849337100982666 0.4743849337100982666 0.4743849337100982666 0.4743849337100982666 0.4743849337100982666 0.46307203173637390137 0.46307203173637390137 0.46307203173637390137 0.46307203173637390137 0.46307203173637390137 0.47365310788154602051 0.47365310788154602051 0.47365310788154602051 0.47365310788154602051 0.47365310788154602051 0.47365310788154602051 0.47864073514938354492 0.47864073514938354492 0.47864073514938354492 0.47864073514938354492 0.47864073514938354492 0.49053481221199035645 0.49053481221199035645 0.49053481221199035645 0.49053481221199035645 0.49053481221199035645 0.49053481221199035645 0.48885035514831542969 0.48885035514831542969 0.48885035514831542969 0.48885035514831542969 0.48885035514831542969 0.48517072200775146484
0.46437296271324157715 0.46437296271324157715 0.46437296271324157715 0.46437296271324157715 0.46437296271324157715 0.4743849337100982666 0.4743849337100982666 0.4743849337100982666 0.4743849337100982666 0.4743849337100982666 0.4743849337100982666 0.46307203173637390137 0.46307203173637390137 0.46307203173637390137 0.46307203173637390137 0.46307203173637390137 0.47365310788154602051 0.47365310788154602051 0.47365310788154602051 0.47365310788154602051 0.47365310788154602051 0.47365310788154602051 0.47864073514938354492 0.47864073514938354492 0.47864073514938354492 0.47864073514938354492 0.47864073514938354492 0.49053481221199035645 0.49053481221199035645 0.49053481221199035645 0.49053481221199035645 0.49053481221199035645 0.49053481221199035645 0.48885035514831542969 0.48885035514831542969 0.48885035514831542969 0.48885035514831542969 0.48885035514831542969 0.48517072200775146484
0.46437296271324157715 0.46437296271324157715 0.46437296271324157715 0.46437296271324157715 0.46437296271324157715 0.4743849337100982666 0.4743849337100982666 0.4743849337100982666 0.4743849337100982666 0.4743849337100982666 0.4743849337100982666 0.46307203173637390137 0.46307203173637390137 0.46307203173637390137 0.46307203173637390137 0.46307203173637390137 0.47365310788154602051 0.47365310788154602051 0.47365310788154602051 0.47365310788154602051 0.47365310788154602051 0.47365310788154602051 0.47864073514938354492 0.47864073514938354492 0.47864073514938354492 0.47864073514938354492 0.47864073514938354492 0.49053481221199035645 0.49053481221199035645 0.49053481221199035645 0.49053481221199035645 0.49053481221199035645 0.49053481221199035645 0.48885035514831542969 0.48885035514831542969 0.48885035514831542969 0.48885035514831542969 0.48885035514831542969 0.48517072200775146484
0.45214441418647766113 0.45214441418647766113 0.45214441418647766113 0.45214441418647766113 0.45214441418647766113 0.47498688101768493652 0.47498688101768493652 0.47498688101768493652 0.47498688101768493652 0.47498688101768493652 0.47498688101768493652 0.47622975707054138184 0.47622975707054138184 0.47622975707054138184 0.47622975707054138184 0.47622975707054138184 0.46613410115242004395 0.46613410115242004395 0.46613410115242004395 0.46613410115242004395 0.46613410115242004395 0.46613410115242004395 0.47800704836845397949 0.47800704836845397949 0.47800704836845397949 0.47800704836845397949 0.47800704836845397949 0.48532205820083618164 0.48532205820083618164 0.48532205820083618164 0.48532205820083618164 0.48532205820083618164 0.48532205820083618164 0.48942363262176513672 0.48942363262176513672 0.48942363262176513672 0.48942363262176513672 0.48942363262176513672 0.48399883508682250977
0.45214441418647766113 0.45214441418647766113 0.45214441418647766113 0.45214441418647766113 0.45214441418647766113 0.47498688101768493652 0.47498688101768493652 0.47498688101768493652 0.47498688101768493652 0.47498688101768493652 0.47498688101768493652 0.47622975707054138184 0.47622975707054138184 0.47622975707054138184 0.47622975707054138184 0.47622975707054138184 0.46613410115242004395 0.46613410115242004395 0.46613410115242004395 0.46613410115242004395 0.46613410115242004395 0.46613410115242004395 0.47800704836845397949 0.47800704836845397949 0.47800704836845397949 0.47800704836845397949 0.47800704836845397949 0.48532205820083618164 0.48532205820083618164 0.48532205820083618164 0.48532205820083618164 0.48532205820083618164 0.48532205820083618164 0.48942363262176513672 0.48942363262176513672 0.48942363262176513672 0.48942363262176513672 0.48942363262176513672 0.48399883508682250977
0.45214441418647766113 0.45214441418647766113 0.45214441418647766113 0.45214441418647766113 0.45214441418647766113 0.47498688101768493652 0.47498688101768493652 0.47498688101768493652 0.47498688101768493652 0.47498688101768493652 0.47498688101768493652 0.47622975707054138184 0.47622975707054138184 0.47622975707054138184 0.47622975707054138184 0.47622975707054138184 0.46613410115242004395 0.46613410115242004395 0.46613410115242004395 0.46613410115242004395 0.46613410115242004395 0.46613410115242004395 0.47800704836845397949 0.47800704836845397949 0.47800704836845397949 0.47800704836845397949 0.47800704836845397949 0.48532205820083618164 0.48532205820083618164 0.48532205820083618164 0.48532205820083618164 0.48532205820083618164 0.48532205820083618164 0.48942363262176513672 0.48942363262176513672 0.48942363262176513672 0.48942363262176513672 0.48942363262176513672 0.48399883508682250977
0.45214441418647766113 0.45214441418647766113 0.45214441418647766113 0.45214441418647766113 0.45214441418647766113 0.47498688101768493652 0.47498688101768493652 0.47498688101768493652 0.47498688101768493652 0.47498688101768493652 0.47498688101768493652 0.47622975707054138184 0.47622975707054138184 0.47622975707054138184 0.47622975707054138184 0.47622975707054138184 0.46613410115242004395 0.46613410115242004395 0.46613410115242004395 0.46613410115242004395 0.46613410115242004395 0.46613410115242004395 0.47800704836845397949 0.47800704836845397949 0.47800704836845397949 0.47800704836845397949 0.47800704836845397949 0.48532205820083618164 0.48532205820083618164 0.48532205820083618164 0.48532205820083618164 0.48532205820083618164 0.48532205820083618164 0.48942363262176513672 0.48942363262176513672 0.48942363262176513672 0.48942363262176513672 0.48942363262176513672 0.48399883508682250977
