vG_thetaS_100cm_BarticaBox_5km.asc
ncols        117
nrows        158
xllcorner    -161906
yllcorner    121774
cellsize     5000
NODATA_value -999
[rows 36 to 53 of 158, columns 39 to 77 of 117]
0.45627894997596740723 0.45627894997596740723 0.45627894997596740723 0.45627894997596740723 0.45627894997596740723 0.47464871406555175781 0.47464871406555175781 0.47464871406555175781 0.47464871406555175781 0.47464871406555175781 0.47464871406555175781 0.48084437847137451172 0.48084437847137451172 0.48084437847137451172 0.48084437847137451172 0.48084437847137451172 0.48834958672523498535 0.48834958672523498535 0.48834958672523498535 0.48834958672523498535 0.48834958672523498535 0.48834958672523498535 0.48914569616317749023 0.48914569616317749023 0.48914569616317749023 0.48914569616317749023 0.48914569616317749023 0.48146116733551025391 0.48146116733551025391 0.48146116733551025391 0.48146116733551025391 0.48146116733551025391 0.48146116733551025391 0.47243082523345947266 0.47243082523345947266 0.47243082523345947266 0.47243082523345947266 0.47243082523345947266 0.46551856398582458496
0.45627894997596740723 0.45627894997596740723 0.45627894997596740723 0.45627894997596740723 0.45627894997596740723 0.47464871406555175781 0.47464871406555175781 0.47464871406555175781 0.47464871406555175781 0.47464871406555175781 0.47464871406555175781 0.48084437847137451172 0.48084437847137451172 0.48084437847137451172 0.48084437847137451172 0.48084437847137451172 0.48834958672523498535 0.48834958672523498535 0.48834958672523498535 0.48834958672523498535 0.48834958672523498535 0.48834958672523498535 0.48914569616317749023 0.48914569616317749023 0.48914569616317749023 0.48914569616317749023 0.48914569616317749023 0.48146116733551025391 0.48146116733551025391 0.48146116733551025391 0.48146116733551025391 0.48146116733551025391 0.48146116733551025391 0.47243082523345947266 0.47243082523345947266 0.47243082523345947266 0.47243082523345947266 0.47243082523345947266 0.46551856398582458496
0.45627894997596740723 0.45627894997596740723 0.45627894997596740723 0.45627894997596740723 0.45627894997596740723 0.47464871406555175781 0.47464871406555175781 0.47464871406555175781 0.47464871406555175781 0.47464871406555175781 0.47464871406555175781 0.48084437847137451172 0.48084437847137451172 0.48084437847137451172 0.48084437847137451172 0.48084437847137451172 0.48834958672523498535 0.48834958672523498535 0.48834958672523498535 0.48834958672523498535 0.48834958672523498535 0.48834958672523498535 0.48914569616317749023 0.48914569616317749023 0.48914569616317749023 0.48914569616317749023 0.48914569616317749023 0.48146116733551025391 0.48146116733551025391 0.48146116733551025391 0.48146116733551025391 0.48146116733551025391 0.48146116733551025391 0.47243082523345947266 0.47243082523345947266 0.47243082523345947266 0.47243082523345947266 0.47243082523345947266 0.46551856398582458496
0.45627894997596740723 0.45627894997596740723 0.45627894997596740723 0.45627894997596740723 0.45627894997596740723 0.47464871406555175781 0.47464871406555175781 0.47464871406555175781 0.47464871406555175781 0.47464871406555175781 0.47464871406555175781 0.48084437847137451172 0.48084437847137451172 0.48084437847137451172 0.48084437847137451172 0.48084437847137451172 0.48834958672523498535 0.48834958672523498535 0.48834958672523498535 0.48834958672523498535 0.48834958672523498535 0.48834958672523498535 0.48914569616317749023 0.48914569616317749023 0.48914569616317749023 0.48914569616317749023 0.48914569616317749023 0.48146116733551025391 0.48146116733551025391 0.48146116733551025391 0.48146116733551025391 0.48146116733551025391 0.48146116733551025391 0.47243082523345947266 0.47243082523345947266 0.47243082523345947266 0.47243082523345947266 0.47243082523345947266 0.46551856398582458496
0.4708811342716217041 0.4708811342716217041 0.4708811342716217041 0.4708811342716217041 0.4708811342716217041 0.47871747612953186035 0.47871747612953186035 0.47871747612953186035 0.47871747612953186035 0.47871747612953186035 0.47871747612953186035 0.48412939906120300293 0.48412939906120300293 0.48412939906120300293 0.48412939906120300293 0.48412939906120300293 0.48958647251129150391 0.48958647251129150391 0.48958647251129150391 0.48958647251129150391 0.48958647251129150391 0.48958647251129150391 0.4897651374340057373 0.4897651374340057373 0.4897651374340057373 0.4897651374340057373 0.4897651374340057373 0.49409300088882446289 0.49409300088882446289 0.49409300088882446289 0.49409300088882446289 0.49409300088882446289 0.49409300088882446289 0.47893944382667541504 0.47893944382667541504 0.47893944382667541504 0.47893944382667541504 0.47893944382667541504 0.47033011913299560547
0.4708811342716217041 0.4708811342716217041 0.4708811342716217041 0.4708811342716217041 0.4708811342716217041 0.47871747612953186035 0.47871747612953186035 0.47871747612953186035 0.47871747612953186035 0.47871747612953186035 0.47871747612953186035 0.48412939906120300293 0.48412939906120300293 0.48412939906120300293 0.48412939906120300293 0.48412939906120300293 0.48958647251129150391 0.48958647251129150391 0.48958647251129150391 0.48958647251129150391 0.48958647251129150391 0.48958647251129150391 0.4897651374340057373 0.4897651374340057373 0.4897651374340057373 0.4897651374340057373 0.4897651374340057373 0.49409300088882446289 0.49409300088882446289 0.49409300088882446289 0.49409300088882446289 0.49409300088882446289 0.49409300088882446289 0.47893944382667541504 0.47893944382667541504 0.47893944382667541504 0.47893944382667541504 0.47893944382667541504 0.47033011913299560547
0.4708811342716217041 0.4708811342716217041 0.4708811342716217041 0.4708811342716217041 0.4708811342716217041 0.47871747612953186035 0.47871747612953186035 0.47871747612953186035 0.47871747612953186035 0.47871747612953186035 0.47871747612953186035 0.48412939906120300293 0.48412939906120300293 0.48412939906120300293 0.48412939906120300293 0.48412939906120300293 0.48958647251129150391 0.48958647251129150391 0.48958647251129150391 0.48958647251129150391 0.48958647251129150391 0.48958647251129150391 0.4897651374340057373 0.4897651374340057373 0.4897651374340057373 0.4897651374340057373 0.4897651374340057373 0.49409300088882446289 0.49409300088882446289 0.49409300088882446289 0.49409300088882446289 0.49409300088882446289 0.49409300088882446289 0.47893944382667541504 0.47893944382667541504 0.47893944382667541504 0.47893944382667541504 0.47893944382667541504 0.47033011913299560547
0.4708811342716217041 0.4708811342716217041 0.4708811342716217041 0.4708811342716217041 0.4708811342716217041 0.47871747612953186035 0.47871747612953186035 0.47871747612953186035 0.47871747612953186035 0.47871747612953186035 0.47871747612953186035 0.48412939906120300293 0.48412939906120300293 0.48412939906120300293 0.48412939906120300293 0.48412939906120300293 0.48958647251129150391 0.48958647251129150391 0.48958647251129150391 0.48958647251129150391 0.48958647251129150391 0.48958647251129150391 0.4897651374340057373 0.4897651374340057373 0.4897651374340057373 0.4897651374340057373 0.4897651374340057373 0.49409300088882446289 0.49409300088882446289 0.49409300088882446289 0.49409300088882446289 0.49409300088882446289 0.49409300088882446289 0.47893944382667541504 0.47893944382667541504 0.47893944382667541504 0.47893944382667541504 0.47893944382667541504 0.47033011913299560547
0.4708811342716217041 0.4708811342716217041 0.4708811342716217041 0.4708811342716217041 0.4708811342716217041 0.47871747612953186035 0.47871747612953186035 0.47871747612953186035 0.47871747612953186035 0.47871747612953186035 0.47871747612953186035 0.48412939906120300293 0.48412939906120300293 0.48412939906120300293 0.48412939906120300293 0.48412939906120300293 0.48958647251129150391 0.48958647251129150391 0.48958647251129150391 0.48958647251129150391 0.48958647251129150391 0.48958647251129150391 0.4897651374340057373 0.4897651374340057373 0.4897651374340057373 0.4897651374340057373 0.4897651374340057373 0.49409300088882446289 0.49409300088882446289 0.49409300088882446289 0.49409300088882446289 0.49409300088882446289 0.49409300088882446289 0.47893944382667541504 0.47893944382667541504 0.47893944382667541504 0.47893944382667541504 0.47893944382667541504 0.47033011913299560547
0.4708811342716217041 0.4708811342716217041 0.4708811342716217041 0.4708811342716217041 0.4708811342716217041 0.47871747612953186035 0.47871747612953186035 0.47871747612953186035 0.47871747612953186035 0.47871747612953186035 0.47871747612953186035 0.48412939906120300293 0.48412939906120300293 0.48412939906120300293 0.48412939906120300293 0.48412939906120300293 0.48958647251129150391 0.48958647251129150391 0.48958647251129150391 0.48958647251129150391 0.48958647251129150391 0.48958647251129150391 0.4897651374340057373 0.4897651374340057373 0.4897651374340057373 0.4897651374340057373 0.4897651374340057373 0.49409300088882446289 0.49409300088882446289 0.49409300088882446289 0.49409300088882446289 0.49409300088882446289 0.49409300088882446289 0.47893944382667541504 0.47893944382667541504 0.47893944382667541504 0.47893944382667541504 0.47893944382667541504 0.47033011913299560547
0.466098785400390625 0.466098785400390625 0.466098785400390625 0.466098785400390625 0.466098785400390625 0.47707799077033996582 0.47707799077033996582 0.47707799077033996582 0.47707799077033996582 0.47707799077033996582 0.47707799077033996582 0.48214364051818847656 0.48214364051818847656 0.48214364051818847656 0.48214364051818847656 0.48214364051818847656 0.49470046162605285645 0.49470046162605285645 0.49470046162605285645 0.49470046162605285645 0.49470046162605285645 0.49470046162605285645 0.49191898107528686523 0.49191898107528686523 0.49191898107528686523 0.49191898107528686523 0.49191898107528686523 0.48785963654518127441 0.48785963654518127441 0.48785963654518127441 0.48785963654518127441 0.48785963654518127441 0.48785963654518127441 0.48502328991889953613 0.48502328991889953613 0.48502328991889953613 0.48502328991889953613 0.48502328991889953613 0.48074328899383544922
0.466098785400390625 0.466098785400390625 0.466098785400390625 0.466098785400390625 0.466098785400390625 0.47707799077033996582 0.47707799077033996582 0.47707799077033996582 0.47707799077033996582 0.47707799077033996582 0.47707799077033996582 0.48214364051818847656 0.48214364051818847656 0.48214364051818847656 0.48214364051818847656 0.48214364051818847656 0.49470046162605285645 0.49470046162605285645 0.49470046162605285645 0.49470046162605285645 0.49470046162605285645 0.49470046162605285645 0.49191898107528686523 0.49191898107528686523 0.49191898107528686523 0.49191898107528686523 0.49191898107528686523 0.48785963654518127441 0.48785963654518127441 0.48785963654518127441 0.48785963654518127441 0.48785963654518127441 0.48785963654518127441 0.48502328991889953613 0.48502328991889953613 0.48502328991889953613 0.48502328991889953613 0.48502328991889953613 0.48074328899383544922
0.466098785400390625 0.466098785400390625 0.466098785400390625 0.466098785400390625 0.466098785400390625 0.47707799077033996582 0.47707799077033996582 0.47707799077033996582 0.47707799077033996582 0.47707799077033996582 0.47707799077033996582 0.48214364051818847656 0.48214364051818847656 0.48214364051818847656 0.48214364051818847656 0.48214364051818847656 0.49470046162605285645 0.49470046162605285645 0.49470046162605285645 0.49470046162605285645 0.49470046162605285645 0.49470046162605285645 0.49191898107528686523 0.49191898107528686523 0.49191898107528686523 0.49191898107528686523 0.49191898107528686523 0.48785963654518127441 0.48785963654518127441 0.48785963654518127441 0.48785963654518127441 0.48785963654518127441 0.48785963654518127441 0.48502328991889953613 0.48502328991889953613 0.48502328991889953613 0.48502328991889953613 0.48502328991889953613 0.48074328899383544922
0.466098785400390625 0.466098785400390625 0.466098785400390625 0.466098785400390625 0.466098785400390625 0.47707799077033996582 0.47707799077033996582 0.47707799077033996582 0.47707799077033996582 0.47707799077033996582 0.47707799077033996582 0.48214364051818847656 0.48214364051818847656 0.48214364051818847656 0.48214364051818847656 0.48214364051818847656 0.49470046162605285645 0.49470046162605285645 0.49470046162605285645 0.49470046162605285645 0.49470046162605285645 0.49470046162605285645 0.49191898107528686523 0.49191898107528686523 0.49191898107528686523 0.49191898107528686523 0.49191898107528686523 0.48785963654518127441 0.48785963654518127441 0.48785963654518127441 0.48785963654518127441 0.48785963654518127441 0.48785963654518127441 0.48502328991889953613 0.48502328991889953613 0.48502328991889953613 0.48502328991889953613 0.48502328991889953613 0.48074328899383544922
0.466098785400390625 0.466098785400390625 0.466098785400390625 0.466098785400390625 0.466098785400390625 0.47707799077033996582 0.47707799077033996582 0.47707799077033996582 0.47707799077033996582 0.47707799077033996582 0.47707799077033996582 0.48214364051818847656 0.48214364051818847656 0.48214364051818847656 0.48214364051818847656 0.48214364051818847656 0.49470046162605285645 0.49470046162605285645 0.49470046162605285645 0.49470046162605285645 0.49470046162605285645 0.49470046162605285645 0.49191898107528686523 0.49191898107528686523 0.49191898107528686523 0.49191898107528686523 0.49191898107528686523 0.48785963654518127441 0.48785963654518127441 0.48785963654518127441 0.48785963654518127441 0.48785963654518127441 0.48785963654518127441 0.48502328991889953613 0.48502328991889953613 0.48502328991889953613 0.48502328991889953613 0.48502328991889953613 0.48074328899383544922
0.46993494033813476562 0.46993494033813476562 0.46993494033813476562 0.46993494033813476562 0.46993494033813476562 0.47020766139030456543 0.47020766139030456543 0.47020766139030456543 0.47020766139030456543 0.47020766139030456543 0.47020766139030456543 0.47459331154823303223 0.47459331154823303223 0.47459331154823303223 0.47459331154823303223 0.47459331154823303223 0.48275953531265258789 0.48275953531265258789 0.48275953531265258789 0.48275953531265258789 0.48275953531265258789 0.48275953531265258789 0.49483728408813476562 0.49483728408813476562 0.49483728408813476562 0.49483728408813476562 0.49483728408813476562 0.48818373680114746094 0.48818373680114746094 0.48818373680114746094 0.48818373680114746094 0.48818373680114746094 0.48818373680114746094 0.48739358782768249512 0.48739358782768249512 0.48739358782768249512 0.48739358782768249512 0.48739358782768249512 0.48216909170150756836
0.46993494033813476562 0.46993494033813476562 0.46993494033813476562 0.46993494033813476562 0.46993494033813476562 0.47020766139030456543 0.47020766139030456543 0.47020766139030456543 0.47020766139030456543 0.47020766139030456543 0.47020766139030456543 0.47459331154823303223 0.47459331154823303223 0.47459331154823303223 0.47459331154823303223 0.47459331154823303223 0.48275953531265258789 0.48275953531265258789 0.48275953531265258789 0.48275953531265258789 0.48275953531265258789 0.48275953531265258789 0.49483728408813476562 0.49483728408813476562 0.49483728408813476562 0.49483728408813476562 0.49483728408813476562 0.48818373680114746094 0.48818373680114746094 0.48818373680114746094 0.48818373680114746094 0.48818373680114746094 0.48818373680114746094 0.48739358782768249512 0.48739358782768249512 0.48739358782768249512 0.48739358782768249512 0.48739358782768249512 0.48216909170150756836
0.46993494033813476562 0.46993494033813476562 0.46993494033813476562 0.46993494033813476562 0.46993494033813476562 0.47020766139030456543 0.47020766139030456543 0.47020766139030456543 0.47020766139030456543 0.47020766139030456543 0.47020766139030456543 0.47459331154823303223 0.47459331154823303223 0.47459331154823303223 0.47459331154823303223 0.47459331154823303223 0.48275953531265258789 0.48275953531265258789 0.48275953531265258789 0.48275953531265258789 0.48275953531265258789 0.48275953531265258789 0.49483728408813476562 0.49483728408813476562 0.49483728408813476562 0.49483728408813476562 0.49483728408813476562 0.48818373680114746094 0.48818373680114746094 0.48818373680114746094 0.48818373680114746094 0.48818373680114746094 0.48818373680114746094 0.48739358782768249512 0.48739358782768249512 0.48739358782768249512 0.48739358782768249512 0.48739358782768249512 0.48216909170150756836
