vG_thetaR_100cm_BarticaBox_5km.asc
ncols        117
nrows        158
xllcorner    -161906
yllcorner    121774
cellsize     5000
NODATA_value -999
[rows 136 to 152 of 158, columns 76 to 113 of 117]
0.092181280255317687988 0.092127189040184020996 0.092127189040184020996 0.092127189040184020996 0.092127189040184020996 0.092127189040184020996 0.092127189040184020996 0.092878311872482299805 0.092878311872482299805 0.092878311872482299805 0.092878311872482299805 0.092878311872482299805 0.092878311872482299805 0.093415319919586181641 0.093415319919586181641 0.093415319919586181641 0.093415319919586181641 0.093415319919586181641 0.093667142093181610107 0.093667142093181610107 0.093667142093181610107 0.093667142093181610107 0.093667142093181610107 0.093667142093181610107 0.095406666398048400879 0.095406666398048400879 0.095406666398048400879 0.095406666398048400879 0.095406666398048400879 0.093851856887340545654 0.093851856887340545654 0.093851856887340545654 0.093851856887340545654 0.093851856887340545654 0.093851856887340545654 0.09450279921293258667 0.09450279921293258667 0.09450279921293258667
0.092181280255317687988 0.092127189040184020996 0.092127189040184020996 0.092127189040184020996 0.092127189040184020996 0.092127189040184020996 0.092127189040184020996 0.092878311872482299805 0.092878311872482299805 0.092878311872482299805 0.092878311872482299805 0.092878311872482299805 0.092878311872482299805 0.093415319919586181641 0.093415319919586181641 0.093415319919586181641 0.093415319919586181641 0.093415319919586181641 0.093667142093181610107 0.093667142093181610107 0.093667142093181610107 0.093667142093181610107 0.093667142093181610107 0.093667142093181610107 0.095406666398048400879 0.095406666398048400879 0.095406666398048400879 0.095406666398048400879 0.095406666398048400879 0.093851856887340545654 0.093851856887340545654 0.093851856887340545654 0.093851856887340545654 0.093851856887340545654 0.093851856887340545654 0.09450279921293258667 0.09450279921293258667 0.09450279921293258667
0.092181280255317687988 0.092127189040184020996 0.092127189040184020996 0.092127189040184020996 0.092127189040184020996 0.092127189040184020996 0.092127189040184020996 0.092878311872482299805 0.092878311872482299805 0.092878311872482299805 0.092878311872482299805 0.092878311872482299805 0.092878311872482299805 0.093415319919586181641 0.093415319919586181641 0.093415319919586181641 0.093415319919586181641 0.093415319919586181641 0.093667142093181610107 0.093667142093181610107 0.093667142093181610107 0.093667142093181610107 0.093667142093181610107 0.093667142093181610107 0.095406666398048400879 0.095406666398048400879 0.095406666398048400879 0.095406666398048400879 0.095406666398048400879 0.093851856887340545654 0.093851856887340545654 0.093851856887340545654 0.093851856887340545654 0.093851856887340545654 0.093851856887340545654 0.09450279921293258667 0.09450279921293258667 0.09450279921293258667
0.092181280255317687988 0.092127189040184020996 0.092127189040184020996 0.092127189040184020996 0.092127189040184020996 0.092127189040184020996 0.092127189040184020996 0.092878311872482299805 0.092878311872482299805 0.092878311872482299805 0.092878311872482299805 0.092878311872482299805 0.092878311872482299805 0.093415319919586181641 0.093415319919586181641 0.093415319919586181641 0.093415319919586181641 0.093415319919586181641 0.093667142093181610107 0.093667142093181610107 0.093667142093181610107 0.093667142093181610107 0.093667142093181610107 0.093667142093181610107 0.095406666398048400879 0.095406666398048400879 0.095406666398048400879 0.095406666398048400879 0.095406666398048400879 0.093851856887340545654 0.093851856887340545654 0.093851856887340545654 0.093851856887340545654 0.093851856887340545654 0.093851856887340545654 0.09450279921293258667 0.09450279921293258667 0.09450279921293258667
0.092181280255317687988 0.092127189040184020996 0.092127189040184020996 0.092127189040184020996 0.092127189040184020996 0.092127189040184020996 0.092127189040184020996 0.092878311872482299805 0.092878311872482299805 0.092878311872482299805 0.092878311872482299805 0.092878311872482299805 0.092878311872482299805 0.093415319919586181641 0.093415319919586181641 0.093415319919586181641 0.093415319919586181641 0.093415319919586181641 0.093667142093181610107 0.093667142093181610107 0.093667142093181610107 0.093667142093181610107 0.093667142093181610107 0.093667142093181610107 0.095406666398048400879 0.095406666398048400879 0.095406666398048400879 0.095406666398048400879 0.095406666398048400879 0.093851856887340545654 0.093851856887340545654 0.093851856887340545654 0.093851856887340545654 0.093851856887340545654 0.093851856887340545654 0.09450279921293258667 0.09450279921293258667 0.09450279921293258667
0.093045502901077270508 0.093629181385040283203 0.093629181385040283203 0.093629181385040283203 0.093629181385040283203 0.093629181385040283203 0.093629181385040283203 0.094440281391143798828 0.094440281391143798828 0.094440281391143798828 0.094440281391143798828 0.094440281391143798828 0.094440281391143798828 0.094450935721397399902 0.094450935721397399902 0.094450935721397399902 0.094450935721397399902 0.094450935721397399902 0.092874385416507720947 0.092874385416507720947 0.092874385416507720947 0.092874385416507720947 0.092874385416507720947 0.092874385416507720947 0.096067667007446289062 0.096067667007446289062 0.096067667007446289062 0.096067667007446289062 0.096067667007446289062 0.09638901054859161377 0.09638901054859161377 0.09638901054859161377 0.09638901054859161377 0.09638901054859161377 0.09638901054859161377 0.095961168408393859863 0.095961168408393859863 0.095961168408393859863
0.093045502901077270508 0.093629181385040283203 0.093629181385040283203 0.093629181385040283203 0.093629181385040283203 0.093629181385040283203 0.093629181385040283203 0.094440281391143798828 0.094440281391143798828 0.094440281391143798828 0.094440281391143798828 0.094440281391143798828 0.094440281391143798828 0.094450935721397399902 0.094450935721397399902 0.094450935721397399902 0.094450935721397399902 0.094450935721397399902 0.092874385416507720947 0.092874385416507720947 0.092874385416507720947 0.092874385416507720947 0.092874385416507720947 0.092874385416507720947 0.096067667007446289062 0.096067667007446289062 0.096067667007446289062 0.096067667007446289062 0.096067667007446289062 0.09638901054859161377 0.09638901054859161377 0.09638901054859161377 0.09638901054859161377 0.09638901054859161377 0.09638901054859161377 0.095961168408393859863 0.095961168408393859863 0.095961168408393859863
0.093045502901077270508 0.093629181385040283203 0.093629181385040283203 0.093629181385040283203 0.093629181385040283203 0.093629181385040283203 0.093629181385040283203 0.094440281391143798828 0.094440281391143798828 0.094440281391143798828 0.094440281391143798828 0.094440281391143798828 0.094440281391143798828 0.094450935721397399902 0.094450935721397399902 0.094450935721397399902 0.094450935721397399902 0.094450935721397399902 0.092874385416507720947 0.092874385416507720947 0.092874385416507720947 0.092874385416507720947 0.092874385416507720947 0.092874385416507720947 0.096067667007446289062 0.096067667007446289062 0.096067667007446289062 0.096067667007446289062 0.096067667007446289062 0.09638901054859161377 0.09638901054859161377 0.09638901054859161377 0.09638901054859161377 0.09638901054859161377 0.09638901054859161377 0.095961168408393859863 0.095961168408393859863 0.095961168408393859863
0.093045502901077270508 0.093629181385040283203 0.093629181385040283203 0.093629181385040283203 0.093629181385040283203 0.093629181385040283203 0.093629181385040283203 0.094440281391143798828 0.094440281391143798828 0.094440281391143798828 0.094440281391143798828 0.094440281391143798828 0.094440281391143798828 0.094450935721397399902 0.094450935721397399902 0.094450935721397399902 0.094450935721397399902 0.094450935721397399902 0.092874385416507720947 0.092874385416507720947 0.092874385416507720947 0.092874385416507720947 0.092874385416507720947 0.092874385416507720947 0.096067667007446289062 0.096067667007446289062 0.096067667007446289062 0.096067667007446289062 0.096067667007446289062 0.09638901054859161377 0.09638901054859161377 0.09638901054859161377 0.09638901054859161377 0.09638901054859161377 0.09638901054859161377 0.095961168408393859863 0.095961168408393859863 0.095961168408393859863
0.093045502901077270508 0.093629181385040283203 0.093629181385040283203 0.093629181385040283203 0.093629181385040283203 0.093629181385040283203 0.093629181385040283203 0.094440281391143798828 0.094440281391143798828 0.094440281391143798828 0.094440281391143798828 0.094440281391143798828 0.094440281391143798828 0.094450935721397399902 0.094450935721397399902 0.094450935721397399902 0.094450935721397399902 0.094450935721397399902 0.092874385416507720947 0.092874385416507720947 0.092874385416507720947 0.092874385416507720947 0.092874385416507720947 0.092874385416507720947 0.096067667007446289062 0.096067667007446289062 0.096067667007446289062 0.096067667007446289062 0.096067667007446289062 0.09638901054859161377 0.09638901054859161377 0.09638901054859161377 0.09638901054859161377 0.09638901054859161377 0.09638901054859161377 0.095961168408393859863 0.095961168408393859863 0.095961168408393859863
0.093045502901077270508 0.093629181385040283203 0.093629181385040283203 0.093629181385040283203 0.093629181385040283203 0.093629181385040283203 0.093629181385040283203 0.094440281391143798828 0.094440281391143798828 0.094440281391143798828 0.094440281391143798828 0.094440281391143798828 0.094440281391143798828 0.094450935721397399902 0.094450935721397399902 0.094450935721397399902 0.094450935721397399902 0.094450935721397399902 0.092874385416507720947 0.092874385416507720947 0.092874385416507720947 0.092874385416507720947 0.092874385416507720947 0.092874385416507720947 0.096067667007446289062 0.096067667007446289062 0.096067667007446289062 0.096067667007446289062 0.096067667007446289062 0.09638901054859161377 0.09638901054859161377 0.09638901054859161377 0.09638901054859161377 0.09638901054859161377 0.09638901054859161377 0.095961168408393859863 0.095961168408393859863 0.095961168408393859863
0.087369300425052642822 0.090224511921405792236 0.090224511921405792236 0.090224511921405792236 0.090224511921405792236 0.090224511921405792236 0.090224511921405792236 0.093919001519680023193 0.093919001519680023193 0.093919001519680023193 0.093919001519680023193 0.093919001519680023193 0.093919001519680023193 0.095054246485233306885 0.095054246485233306885 0.095054246485233306885 0.095054246485233306885 0.095054246485233306885 0.094540163874626159668 0.094540163874626159668 0.094540163874626159668 0.094540163874626159668 0.094540163874626159668 0.094540163874626159668 0.096020810306072235107 0.096020810306072235107 0.096020810306072235107 0.096020810306072235107 0.096020810306072235107 0.096324913203716278076 0.096324913203716278076 0.096324913203716278076 0.096324913203716278076 0.096324913203716278076 0.096324913203716278076 0.097388856112957000732 0.097388856112957000732 0.097388856112957000732
0.087369300425052642822 0.090224511921405792236 0.090224511921405792236 0.090224511921405792236 0.090224511921405792236 0.090224511921405792236 0.090224511921405792236 0.093919001519680023193 0.093919001519680023193 0.093919001519680023193 0.093919001519680023193 0.093919001519680023193 0.093919001519680023193 0.095054246485233306885 0.095054246485233306885 0.095054246485233306885 0.095054246485233306885 0.095054246485233306885 0.094540163874626159668 0.094540163874626159668 0.094540163874626159668 0.094540163874626159668 0.094540163874626159668 0.094540163874626159668 0.096020810306072235107 0.096020810306072235107 0.096020810306072235107 0.096020810306072235107 0.096020810306072235107 0.096324913203716278076 0.096324913203716278076 0.096324913203716278076 0.096324913203716278076 0.096324913203716278076 0.096324913203716278076 0.097388856112957000732 0.097388856112957000732 0.097388856112957000732
0.087369300425052642822 0.090224511921405792236 0.090224511921405792236 0.090224511921405792236 0.090224511921405792236 0.090224511921405792236 0.090224511921405792236 0.093919001519680023193 0.093919001519680023193 0.093919001519680023193 0.093919001519680023193 0.093919001519680023193 0.093919001519680023193 0.095054246485233306885 0.095054246485233306885 0.095054246485233306885 0.095054246485233306885 0.095054246485233306885 0.094540163874626159668 0.094540163874626159668 0.094540163874626159668 0.094540163874626159668 0.094540163874626159668 0.094540163874626159668 0.096020810306072235107 0.096020810306072235107 0.096020810306072235107 0.096020810306072235107 0.096020810306072235107 0.096324913203716278076 0.096324913203716278076 0.096324913203716278076 0.096324913203716278076 0.096324913203716278076 0.096324913203716278076 0.097388856112957000732 0.097388856112957000732 0.097388856112957000732
0.087369300425052642822 0.090224511921405792236 0.090224511921405792236 0.090224511921405792236 0.090224511921405792236 0.090224511921405792236 0.090224511921405792236 0.093919001519680023193 0.093919001519680023193 0.093919001519680023193 0.093919001519680023193 0.093919001519680023193 0.093919001519680023193 0.095054246485233306885 0.095054246485233306885 0.095054246485233306885 0.095054246485233306885 0.095054246485233306885 0.094540163874626159668 0.094540163874626159668 0.094540163874626159668 0.094540163874626159668 0.094540163874626159668 0.094540163874626159668 0.096020810306072235107 0.096020810306072235107 0.096020810306072235107 0.096020810306072235107 0.096020810306072235107 0.096324913203716278076 0.096324913203716278076 0.096324913203716278076 0.096324913203716278076 0.096324913203716278076 0.096324913203716278076 0.097388856112957000732 0.097388856112957000732 0.097388856112957000732
0.087369300425052642822 0.090224511921405792236 0.090224511921405792236 0.090224511921405792236 0.090224511921405792236 0.090224511921405792236 0.090224511921405792236 0.093919001519680023193 0.093919001519680023193 0.093919001519680023193 0.093919001519680023193 0.093919001519680023193 0.093919001519680023193 0.095054246485233306885 0.095054246485233306885 0.095054246485233306885 0.095054246485233306885 0.095054246485233306885 0.094540163874626159668 0.094540163874626159668 0.094540163874626159668 0.094540163874626159668 0.094540163874626159668 0.094540163874626159668 0.096020810306072235107 0.096020810306072235107 0.096020810306072235107 0.096020810306072235107 0.096020810306072235107 0.096324913203716278076 0.096324913203716278076 0.096324913203716278076 0.096324913203716278076 0.096324913203716278076 0.096324913203716278076 0.097388856112957000732 0.097388856112957000732 0.097388856112957000732
0.088358141481876373291 0.088905535638332366943 0.088905535638332366943 0.088905535638332366943 0.088905535638332366943 0.088905535638332366943 0.088905535638332366943 0.08970502018928527832 0.08970502018928527832 0.08970502018928527832 0.08970502018928527832 0.08970502018928527832 0.08970502018928527832 0.094941601157188415527 0.094941601157188415527 0.094941601157188415527 0.094941601157188415527 0.094941601157188415527 0.094621397554874420166 0.094621397554874420166 0.094621397554874420166 0.094621397554874420166 0.094621397554874420166 0.094621397554874420166 0.095348224043846130371 0.095348224043846130371 0.095348224043846130371 0.095348224043846130371 0.095348224043846130371 0.096416346728801727295 0.096416346728801727295 0.096416346728801727295 0.096416346728801727295 0.096416346728801727295 0.096416346728801727295 0.098045736551284790039 0.098045736551284790039 0.098045736551284790039
