vG_thetaR_100cm_BarticaBox_5km.asc
ncols        117
nrows        158
xllcorner    -161906
yllcorner    121774
cellsize     5000
NODATA_value -999
[rows 34 to 50 of 158, columns 76 to 113 of 117]
0.089512653648853302002 0.089655652642250061035 0.089655652642250061035 0.089655652642250061035 0.089655652642250061035 0.089655652642250061035 0.089655652642250061035 0.088421046733856201172 0.088421046733856201172 0.088421046733856201172 0.088421046733856201172 0.088421046733856201172 0.088421046733856201172 0.08845882117748260498 0.08845882117748260498 0.08845882117748260498 0.08845882117748260498 0.08845882117748260498 0.08931004256010055542 0.08931004256010055542 0.08931004256010055542 0.08931004256010055542 0.08931004256010055542 0.08931004256010055542 0.089823454618453979492 0.089823454618453979492 0.089823454618453979492 0.089823454618453979492 0.089823454618453979492 -999 -999 -999 -999 -999 -999 -999 -999 -999
0.089754432439804077148 0.088100485503673553467 0.088100485503673553467 0.088100485503673553467 0.088100485503673553467 0.088100485503673553467 0.088100485503673553467 0.085971429944038391113 0.085971429944038391113 0.085971429944038391113 0.085971429944038391113 0.085971429944038391113 0.085971429944038391113 0.087096244096755981445 0.087096244096755981445 0.087096244096755981445 0.087096244096755981445 0.087096244096755981445 0.088412977755069732666 0.088412977755069732666 0.088412977755069732666 0.088412977755069732666 0.088412977755069732666 0.088412977755069732666 0.087808541953563690186 0.087808541953563690186 0.087808541953563690186 0.087808541953563690186 0.087808541953563690186 0.085350498557090759277 0.085350498557090759277 0.085350498557090759277 0.085350498557090759277 0.085350498557090759277 0.085350498557090759277 0.085933119058609008789 0.085933119058609008789 0.085933119058609008789
0.089754432439804077148 0.088100485503673553467 0.088100485503673553467 0.088100485503673553467 0.088100485503673553467 0.088100485503673553467 0.088100485503673553467 0.085971429944038391113 0.085971429944038391113 0.085971429944038391113 0.085971429944038391113 0.085971429944038391113 0.085971429944038391113 0.087096244096755981445 0.087096244096755981445 0.087096244096755981445 0.087096244096755981445 0.087096244096755981445 0.088412977755069732666 0.088412977755069732666 0.088412977755069732666 0.088412977755069732666 0.088412977755069732666 0.088412977755069732666 0.087808541953563690186 0.087808541953563690186 0.087808541953563690186 0.087808541953563690186 0.087808541953563690186 0.085350498557090759277 0.085350498557090759277 0.085350498557090759277 0.085350498557090759277 0.085350498557090759277 0.085350498557090759277 0.085933119058609008789 0.085933119058609008789 0.085933119058609008789
0.089754432439804077148 0.088100485503673553467 0.088100485503673553467 0.088100485503673553467 0.088100485503673553467 0.088100485503673553467 0.088100485503673553467 0.085971429944038391113 0.085971429944038391113 0.085971429944038391113 0.085971429944038391113 0.085971429944038391113 0.085971429944038391113 0.087096244096755981445 0.087096244096755981445 0.087096244096755981445 0.087096244096755981445 0.087096244096755981445 0.088412977755069732666 0.088412977755069732666 0.088412977755069732666 0.088412977755069732666 0.088412977755069732666 0.088412977755069732666 0.087808541953563690186 0.087808541953563690186 0.087808541953563690186 0.087808541953563690186 0.087808541953563690186 0.085350498557090759277 0.085350498557090759277 0.085350498557090759277 0.085350498557090759277 0.085350498557090759277 0.085350498557090759277 0.085933119058609008789 0.085933119058609008789 0.085933119058609008789
0.089754432439804077148 0.088100485503673553467 0.088100485503673553467 0.088100485503673553467 0.088100485503673553467 0.088100485503673553467 0.088100485503673553467 0.085971429944038391113 0.085971429944038391113 0.085971429944038391113 0.085971429944038391113 0.085971429944038391113 0.085971429944038391113 0.087096244096755981445 0.087096244096755981445 0.087096244096755981445 0.087096244096755981445 0.087096244096755981445 0.088412977755069732666 0.088412977755069732666 0.088412977755069732666 0.088412977755069732666 0.088412977755069732666 0.088412977755069732666 0.087808541953563690186 0.087808541953563690186 0.087808541953563690186 0.087808541953563690186 0.087808541953563690186 0.085350498557090759277 0.085350498557090759277 0.085350498557090759277 0.085350498557090759277 0.085350498557090759277 0.085350498557090759277 0.085933119058609008789 0.085933119058609008789 0.085933119058609008789
0.089754432439804077148 0.088100485503673553467 0.088100485503673553467 0.088100485503673553467 0.088100485503673553467 0.088100485503673553467 0.088100485503673553467 0.085971429944038391113 0.085971429944038391113 0.085971429944038391113 0.085971429944038391113 0.085971429944038391113 0.085971429944038391113 0.087096244096755981445 0.087096244096755981445 0.087096244096755981445 0.087096244096755981445 0.087096244096755981445 0.088412977755069732666 0.088412977755069732666 0.088412977755069732666 0.088412977755069732666 0.088412977755069732666 0.088412977755069732666 0.087808541953563690186 0.087808541953563690186 0.087808541953563690186 0.087808541953563690186 0.087808541953563690186 0.085350498557090759277 0.085350498557090759277 0.085350498557090759277 0.085350498557090759277 0.085350498557090759277 0.085350498557090759277 0.085933119058609008789 0.085933119058609008789 0.085933119058609008789
0.09132671356201171875 0.089048311114311218262 0.089048311114311218262 0.089048311114311218262 0.089048311114311218262 0.089048311114311218262 0.089048311114311218262 0.08929147571325302124 0.08929147571325302124 0.08929147571325302124 0.08929147571325302124 0.08929147571325302124 0.08929147571325302124 0.087192930281162261963 0.087192930281162261963 0.087192930281162261963 0.087192930281162261963 0.087192930281162261963 0.086908668279647827148 0.086908668279647827148 0.086908668279647827148 0.086908668279647827148 0.086908668279647827148 0.086908668279647827148 0.086708612740039825439 0.086708612740039825439 0.086708612740039825439 0.086708612740039825439 0.086708612740039825439 0.082959547638893127441 0.082959547638893127441 0.082959547638893127441 0.082959547638893127441 0.082959547638893127441 0.082959547638893127441 0.083252564072608947754 0.083252564072608947754 0.083252564072608947754
0.09132671356201171875 0.089048311114311218262 0.089048311114311218262 0.089048311114311218262 0.089048311114311218262 0.089048311114311218262 0.089048311114311218262 0.08929147571325302124 0.08929147571325302124 0.08929147571325302124 0.08929147571325302124 0.08929147571325302124 0.08929147571325302124 0.087192930281162261963 0.087192930281162261963 0.087192930281162261963 0.087192930281162261963 0.087192930281162261963 0.086908668279647827148 0.086908668279647827148 0.086908668279647827148 0.086908668279647827148 0.086908668279647827148 0.086908668279647827148 0.086708612740039825439 0.086708612740039825439 0.086708612740039825439 0.086708612740039825439 0.086708612740039825439 0.082959547638893127441 0.082959547638893127441 0.082959547638893127441 0.082959547638893127441 0.082959547638893127441 0.082959547638893127441 0.083252564072608947754 0.083252564072608947754 0.083252564072608947754
0.09132671356201171875 0.089048311114311218262 0.089048311114311218262 0.089048311114311218262 0.089048311114311218262 0.089048311114311218262 0.089048311114311218262 0.08929147571325302124 0.08929147571325302124 0.08929147571325302124 0.08929147571325302124 0.08929147571325302124 0.08929147571325302124 0.087192930281162261963 0.087192930281162261963 0.087192930281162261963 0.087192930281162261963 0.087192930281162261963 0.086908668279647827148 0.086908668279647827148 0.086908668279647827148 0.086908668279647827148 0.086908668279647827148 0.086908668279647827148 0.086708612740039825439 0.086708612740039825439 0.086708612740039825439 0.086708612740039825439 0.086708612740039825439 0.082959547638893127441 0.082959547638893127441 0.082959547638893127441 0.082959547638893127441 0.082959547638893127441 0.082959547638893127441 0.083252564072608947754 0.083252564072608947754 0.083252564072608947754
0.09132671356201171875 0.089048311114311218262 0.089048311114311218262 0.089048311114311218262 0.089048311114311218262 0.089048311114311218262 0.089048311114311218262 0.08929147571325302124 0.08929147571325302124 0.08929147571325302124 0.08929147571325302124 0.08929147571325302124 0.08929147571325302124 0.087192930281162261963 0.087192930281162261963 0.087192930281162261963 0.087192930281162261963 0.087192930281162261963 0.086908668279647827148 0.086908668279647827148 0.086908668279647827148 0.086908668279647827148 0.086908668279647827148 0.086908668279647827148 0.086708612740039825439 0.086708612740039825439 0.086708612740039825439 0.086708612740039825439 0.086708612740039825439 0.082959547638893127441 0.082959547638893127441 0.082959547638893127441 0.082959547638893127441 0.082959547638893127441 0.082959547638893127441 0.083252564072608947754 0.083252564072608947754 0.083252564072608947754
0.09132671356201171875 0.089048311114311218262 0.089048311114311218262 0.089048311114311218262 0.089048311114311218262 0.089048311114311218262 0.089048311114311218262 0.08929147571325302124 0.08929147571325302124 0.08929147571325302124 0.08929147571325302124 0.08929147571325302124 0.08929147571325302124 0.087192930281162261963 0.087192930281162261963 0.087192930281162261963 0.087192930281162261963 0.087192930281162261963 0.086908668279647827148 0.086908668279647827148 0.086908668279647827148 0.086908668279647827148 0.086908668279647827148 0.086908668279647827148 0.086708612740039825439 0.086708612740039825439 0.086708612740039825439 0.086708612740039825439 0.086708612740039825439 0.082959547638893127441 0.082959547638893127441 0.082959547638893127441 0.082959547638893127441 0.082959547638893127441 0.082959547638893127441 0.083252564072608947754 0.083252564072608947754 0.083252564072608947754
0.09132671356201171875 0.089048311114311218262 0.089048311114311218262 0.089048311114311218262 0.089048311114311218262 0.089048311114311218262 0.089048311114311218262 0.08929147571325302124 0.08929147571325302124 0.08929147571325302124 0.08929147571325302124 0.08929147571325302124 0.08929147571325302124 0.087192930281162261963 0.087192930281162261963 0.087192930281162261963 0.087192930281162261963 0.087192930281162261963 0.086908668279647827148 0.086908668279647827148 0.086908668279647827148 0.086908668279647827148 0.086908668279647827148 0.086908668279647827148 0.086708612740039825439 0.086708612740039825439 0.086708612740039825439 0.086708612740039825439 0.086708612740039825439 0.082959547638893127441 0.082959547638893127441 0.082959547638893127441 0.082959547638893127441 0.082959547638893127441 0.082959547638893127441 0.083252564072608947754 0.083252564072608947754 0.083252564072608947754
0.09158369898796081543 0.091165296733379364014 0.091165296733379364014 0.091165296733379364014 0.091165296733379364014 0.091165296733379364014 0.091165296733379364014 0.091371655464172363281 0.091371655464172363281 0.091371655464172363281 0.091371655464172363281 0.091371655464172363281 0.091371655464172363281 0.087398946285247802734 0.087398946285247802734 0.087398946285247802734 0.087398946285247802734 0.087398946285247802734 0.086505852639675140381 0.086505852639675140381 0.086505852639675140381 0.086505852639675140381 0.086505852639675140381 0.086505852639675140381 0.084846623241901397705 0.084846623241901397705 0.084846623241901397705 0.084846623241901397705 0.084846623241901397705 0.084507852792739868164 0.084507852792739868164 0.084507852792739868164 0.084507852792739868164 0.084507852792739868164 0.084507852792739868164 0.08184286952018737793 0.08184286952018737793 0.08184286952018737793
0.09158369898796081543 0.091165296733379364014 0.091165296733379364014 0.091165296733379364014 0.091165296733379364014 0.091165296733379364014 0.091165296733379364014 0.091371655464172363281 0.091371655464172363281 0.091371655464172363281 0.091371655464172363281 0.091371655464172363281 0.091371655464172363281 0.087398946285247802734 0.087398946285247802734 0.087398946285247802734 0.087398946285247802734 0.087398946285247802734 0.086505852639675140381 0.086505852639675140381 0.086505852639675140381 0.086505852639675140381 0.086505852639675140381 0.086505852639675140381 0.084846623241901397705 0.084846623241901397705 0.084846623241901397705 0.084846623241901397705 0.084846623241901397705 0.084507852792739868164 0.084507852792739868164 0.084507852792739868164 0.084507852792739868164 0.084507852792739868164 0.084507852792739868164 0.08184286952018737793 0.08184286952018737793 0.08184286952018737793
0.09158369898796081543 0.091165296733379364014 0.091165296733379364014 0.091165296733379364014 0.091165296733379364014 0.091165296733379364014 0.091165296733379364014 0.091371655464172363281 0.091371655464172363281 0.091371655464172363281 0.091371655464172363281 0.091371655464172363281 0.091371655464172363281 0.087398946285247802734 0.087398946285247802734 0.087398946285247802734 0.087398946285247802734 0.087398946285247802734 0.086505852639675140381 0.086505852639675140381 0.086505852639675140381 0.086505852639675140381 0.086505852639675140381 0.086505852639675140381 0.084846623241901397705 0.084846623241901397705 0.084846623241901397705 0.084846623241901397705 0.084846623241901397705 0.084507852792739868164 0.084507852792739868164 0.084507852792739868164 0.084507852792739868164 0.084507852792739868164 0.084507852792739868164 0.08184286952018737793 0.08184286952018737793 0.08184286952018737793
0.09158369898796081543 0.091165296733379364014 0.091165296733379364014 0.091165296733379364014 0.091165296733379364014 0.091165296733379364014 0.091165296733379364014 0.091371655464172363281 0.091371655464172363281 0.091371655464172363281 0.091371655464172363281 0.091371655464172363281 0.091371655464172363281 0.087398946285247802734 0.087398946285247802734 0.087398946285247802734 0.087398946285247802734 0.087398946285247802734 0.086505852639675140381 0.086505852639675140381 0.086505852639675140381 0.086505852639675140381 0.086505852639675140381 0.086505852639675140381 0.084846623241901397705 0.084846623241901397705 0.084846623241901397705 0.084846623241901397705 0.084846623241901397705 0.084507852792739868164 0.084507852792739868164 0.084507852792739868164 0.084507852792739868164 0.084507852792739868164 0.084507852792739868164 0.08184286952018737793 0.08184286952018737793 0.08184286952018737793
0.09158369898796081543 0.091165296733379364014 0.091165296733379364014 0.091165296733379364014 0.091165296733379364014 0.091165296733379364014 0.091165296733379364014 0.091371655464172363281 0.091371655464172363281 0.091371655464172363281 0.091371655464172363281 0.091371655464172363281 0.091371655464172363281 0.087398946285247802734 0.087398946285247802734 0.087398946285247802734 0.087398946285247802734 0.087398946285247802734 0.086505852639675140381 0.086505852639675140381 0.086505852639675140381 0.086505852639675140381 0.086505852639675140381 0.086505852639675140381 0.084846623241901397705 0.084846623241901397705 0.084846623241901397705 0.084846623241901397705 0.084846623241901397705 0.084507852792739868164 0.084507852792739868164 0.084507852792739868164 0.084507852792739868164 0.084507852792739868164 0.084507852792739868164 0.08184286952018737793 0.08184286952018737793 0.08184286952018737793
