vG_thetaR_100cm_BarticaBox_5km.asc
ncols        117
nrows        158
xllcorner    -161906
yllcorner    121774
cellsize     5000
NODATA_value -999
[rows 34 to 50 of 158, columns 38 to 75 of 117]
0.084161721169948577881 0.084578633308410644531 0.084578633308410644531 0.084578633308410644531 0.084578633308410644531 0.084578633308410644531 0.085055947303771972656 0.085055947303771972656 0.085055947303771972656 0.085055947303771972656 0.085055947303771972656 0.085055947303771972656 0.08563648909330368042 0.08563648909330368042 0.08563648909330368042 0.08563648909330368042 0.08563648909330368042 0.087916135787963867188 0.087916135787963867188 0.087916135787963867188 0.087916135787963867188 0.087916135787963867188 0.087916135787963867188 0.089531809091567993164 0.089531809091567993164 0.089531809091567993164 0.089531809091567993164 0.089531809091567993164 0.089810490608215332031 0.089810490608215332031 0.089810490608215332031 0.089810490608215332031 0.089810490608215332031 0.089810490608215332031 0.089512653648853302002 0.089512653648853302002 0.089512653648853302002 0.089512653648853302002
0.087577112019062042236 0.088838301599025726318 0.088838301599025726318 0.088838301599025726318 0.088838301599025726318 0.088838301599025726318 0.092133700847625732422 0.092133700847625732422 0.092133700847625732422 0.092133700847625732422 0.092133700847625732422 0.092133700847625732422 0.090556569397449493408 0.090556569397449493408 0.090556569397449493408 0.090556569397449493408 0.090556569397449493408 0.091563209891319274902 0.091563209891319274902 0.091563209891319274902 0.091563209891319274902 0.091563209891319274902 0.091563209891319274902 0.092419087886810302734 0.092419087886810302734 0.092419087886810302734 0.092419087886810302734 0.092419087886810302734 0.091611646115779876709 0.091611646115779876709 0.091611646115779876709 0.091611646115779876709 0.091611646115779876709 0.091611646115779876709 0.089754432439804077148 0.089754432439804077148 0.089754432439804077148 0.089754432439804077148
0.087577112019062042236 0.088838301599025726318 0.088838301599025726318 0.088838301599025726318 0.088838301599025726318 0.088838301599025726318 0.092133700847625732422 0.092133700847625732422 0.092133700847625732422 0.092133700847625732422 0.092133700847625732422 0.092133700847625732422 0.090556569397449493408 0.090556569397449493408 0.090556569397449493408 0.090556569397449493408 0.090556569397449493408 0.091563209891319274902 0.091563209891319274902 0.091563209891319274902 0.091563209891319274902 0.091563209891319274902 0.091563209891319274902 0.092419087886810302734 0.092419087886810302734 0.092419087886810302734 0.092419087886810302734 0.092419087886810302734 0.091611646115779876709 0.091611646115779876709 0.091611646115779876709 0.091611646115779876709 0.091611646115779876709 0.091611646115779876709 0.089754432439804077148 0.089754432439804077148 0.089754432439804077148 0.089754432439804077148
0.087577112019062042236 0.088838301599025726318 0.088838301599025726318 0.088838301599025726318 0.088838301599025726318 0.088838301599025726318 0.092133700847625732422 0.092133700847625732422 0.092133700847625732422 0.092133700847625732422 0.092133700847625732422 0.092133700847625732422 0.090556569397449493408 0.090556569397449493408 0.090556569397449493408 0.090556569397449493408 0.090556569397449493408 0.091563209891319274902 0.091563209891319274902 0.091563209891319274902 0.091563209891319274902 0.091563209891319274902 0.091563209891319274902 0.092419087886810302734 0.092419087886810302734 0.092419087886810302734 0.092419087886810302734 0.092419087886810302734 0.091611646115779876709 0.091611646115779876709 0.091611646115779876709 0.091611646115779876709 0.091611646115779876709 0.091611646115779876709 0.089754432439804077148 0.089754432439804077148 0.089754432439804077148 0.089754432439804077148
0.087577112019062042236 0.088838301599025726318 0.088838301599025726318 0.088838301599025726318 0.088838301599025726318 0.088838301599025726318 0.092133700847625732422 0.092133700847625732422 0.092133700847625732422 0.092133700847625732422 0.092133700847625732422 0.092133700847625732422 0.090556569397449493408 0.090556569397449493408 0.090556569397449493408 0.090556569397449493408 0.090556569397449493408 0.091563209891319274902 0.091563209891319274902 0.091563209891319274902 0.091563209891319274902 0.091563209891319274902 0.091563209891319274902 0.092419087886810302734 0.092419087886810302734 0.092419087886810302734 0.092419087886810302734 0.092419087886810302734 0.091611646115779876709 0.091611646115779876709 0.091611646115779876709 0.091611646115779876709 0.091611646115779876709 0.091611646115779876709 0.089754432439804077148 0.089754432439804077148 0.089754432439804077148 0.089754432439804077148
0.087577112019062042236 0.088838301599025726318 0.088838301599025726318 0.088838301599025726318 0.088838301599025726318 0.088838301599025726318 0.092133700847625732422 0.092133700847625732422 0.092133700847625732422 0.092133700847625732422 0.092133700847625732422 0.092133700847625732422 0.090556569397449493408 0.090556569397449493408 0.090556569397449493408 0.090556569397449493408 0.090556569397449493408 0.091563209891319274902 0.091563209891319274902 0.091563209891319274902 0.091563209891319274902 0.091563209891319274902 0.091563209891319274902 0.092419087886810302734 0.092419087886810302734 0.092419087886810302734 0.092419087886810302734 0.092419087886810302734 0.091611646115779876709 0.091611646115779876709 0.091611646115779876709 0.091611646115779876709 0.091611646115779876709 0.091611646115779876709 0.089754432439804077148 0.089754432439804077148 0.089754432439804077148 0.089754432439804077148
0.089127376675605773926 0.091082513332366943359 0.091082513332366943359 0.091082513332366943359 0.091082513332366943359 0.091082513332366943359 0.092816330492496490479 0.092816330492496490479 0.092816330492496490479 0.092816330492496490479 0.092816330492496490479 0.092816330492496490479 0.09062550961971282959 0.09062550961971282959 0.09062550961971282959 0.09062550961971282959 0.09062550961971282959 0.090386331081390380859 0.090386331081390380859 0.090386331081390380859 0.090386331081390380859 0.090386331081390380859 0.090386331081390380859 0.091634109616279602051 0.091634109616279602051 0.091634109616279602051 0.091634109616279602051 0.091634109616279602051 0.092415511608123779297 0.092415511608123779297 0.092415511608123779297 0.092415511608123779297 0.092415511608123779297 0.092415511608123779297 0.09132671356201171875 0.09132671356201171875 0.09132671356201171875 0.09132671356201171875
0.089127376675605773926 0.091082513332366943359 0.091082513332366943359 0.091082513332366943359 0.091082513332366943359 0.091082513332366943359 0.092816330492496490479 0.092816330492496490479 0.092816330492496490479 0.092816330492496490479 0.092816330492496490479 0.092816330492496490479 0.09062550961971282959 0.09062550961971282959 0.09062550961971282959 0.09062550961971282959 0.09062550961971282959 0.090386331081390380859 0.090386331081390380859 0.090386331081390380859 0.090386331081390380859 0.090386331081390380859 0.090386331081390380859 0.091634109616279602051 0.091634109616279602051 0.091634109616279602051 0.091634109616279602051 0.091634109616279602051 0.092415511608123779297 0.092415511608123779297 0.092415511608123779297 0.092415511608123779297 0.092415511608123779297 0.092415511608123779297 0.09132671356201171875 0.09132671356201171875 0.09132671356201171875 0.09132671356201171875
0.089127376675605773926 0.091082513332366943359 0.091082513332366943359 0.091082513332366943359 0.091082513332366943359 0.091082513332366943359 0.092816330492496490479 0.092816330492496490479 0.092816330492496490479 0.092816330492496490479 0.092816330492496490479 0.092816330492496490479 0.09062550961971282959 0.09062550961971282959 0.09062550961971282959 0.09062550961971282959 0.09062550961971282959 0.090386331081390380859 0.090386331081390380859 0.090386331081390380859 0.090386331081390380859 0.090386331081390380859 0.090386331081390380859 0.091634109616279602051 0.091634109616279602051 0.091634109616279602051 0.091634109616279602051 0.091634109616279602051 0.092415511608123779297 0.092415511608123779297 0.092415511608123779297 0.092415511608123779297 0.092415511608123779297 0.092415511608123779297 0.09132671356201171875 0.09132671356201171875 0.09132671356201171875 0.09132671356201171875
0.089127376675605773926 0.091082513332366943359 0.091082513332366943359 0.091082513332366943359 0.091082513332366943359 0.091082513332366943359 0.092816330492496490479 0.092816330492496490479 0.092816330492496490479 0.092816330492496490479 0.092816330492496490479 0.092816330492496490479 0.09062550961971282959 0.09062550961971282959 0.09062550961971282959 0.09062550961971282959 0.09062550961971282959 0.090386331081390380859 0.090386331081390380859 0.090386331081390380859 0.090386331081390380859 0.090386331081390380859 0.090386331081390380859 0.091634109616279602051 0.091634109616279602051 0.091634109616279602051 0.091634109616279602051 0.091634109616279602051 0.092415511608123779297 0.092415511608123779297 0.092415511608123779297 0.092415511608123779297 0.092415511608123779297 0.092415511608123779297 0.09132671356201171875 0.09132671356201171875 0.09132671356201171875 0.09132671356201171875
0.089127376675605773926 0.091082513332366943359 0.091082513332366943359 0.091082513332366943359 0.091082513332366943359 0.091082513332366943359 0.092816330492496490479 0.092816330492496490479 0.092816330492496490479 0.092816330492496490479 0.092816330492496490479 0.092816330492496490479 0.09062550961971282959 0.09062550961971282959 0.09062550961971282959 0.09062550961971282959 0.09062550961971282959 0.090386331081390380859 0.090386331081390380859 0.090386331081390380859 0.090386331081390380859 0.090386331081390380859 0.090386331081390380859 0.091634109616279602051 0.091634109616279602051 0.091634109616279602051 0.091634109616279602051 0.091634109616279602051 0.092415511608123779297 0.092415511608123779297 0.092415511608123779297 0.092415511608123779297 0.092415511608123779297 0.092415511608123779297 0.09132671356201171875 0.09132671356201171875 0.09132671356201171875 0.09132671356201171875
0.089127376675605773926 0.091082513332366943359 0.091082513332366943359 0.091082513332366943359 0.091082513332366943359 0.091082513332366943359 0.092816330492496490479 0.092816330492496490479 0.092816330492496490479 0.092816330492496490479 0.092816330492496490479 0.092816330492496490479 0.09062550961971282959 0.09062550961971282959 0.09062550961971282959 0.09062550961971282959 0.09062550961971282959 0.090386331081390380859 0.090386331081390380859 0.090386331081390380859 0.090386331081390380859 0.090386331081390380859 0.090386331081390380859 0.091634109616279602051 0.091634109616279602051 0.091634109616279602051 0.091634109616279602051 0.091634109616279602051 0.092415511608123779297 0.092415511608123779297 0.092415511608123779297 0.092415511608123779297 0.092415511608123779297 0.092415511608123779297 0.09132671356201171875 0.09132671356201171875 0.09132671356201171875 0.09132671356201171875
0.088765732944011688232 0.089689359068870544434 0.089689359068870544434 0.089689359068870544434 0.089689359068870544434 0.089689359068870544434 0.091769836843013763428 0.091769836843013763428 0.091769836843013763428 0.091769836843013763428 0.091769836843013763428 0.091769836843013763428 0.091186121106147766113 0.091186121106147766113 0.091186121106147766113 0.091186121106147766113 0.091186121106147766113 0.090446658432483673096 0.090446658432483673096 0.090446658432483673096 0.090446658432483673096 0.090446658432483673096 0.090446658432483673096 0.090180546045303344727 0.090180546045303344727 0.090180546045303344727 0.090180546045303344727 0.090180546045303344727 0.090980120003223419189 0.090980120003223419189 0.090980120003223419189 0.090980120003223419189 0.090980120003223419189 0.090980120003223419189 0.09158369898796081543 0.09158369898796081543 0.09158369898796081543 0.09158369898796081543
0.088765732944011688232 0.089689359068870544434 0.089689359068870544434 0.089689359068870544434 0.089689359068870544434 0.089689359068870544434 0.091769836843013763428 0.091769836843013763428 0.091769836843013763428 0.091769836843013763428 0.091769836843013763428 0.091769836843013763428 0.091186121106147766113 0.091186121106147766113 0.091186121106147766113 0.091186121106147766113 0.091186121106147766113 0.090446658432483673096 0.090446658432483673096 0.090446658432483673096 0.090446658432483673096 0.090446658432483673096 0.090446658432483673096 0.090180546045303344727 0.090180546045303344727 0.090180546045303344727 0.090180546045303344727 0.090180546045303344727 0.090980120003223419189 0.090980120003223419189 0.090980120003223419189 0.090980120003223419189 0.090980120003223419189 0.090980120003223419189 0.09158369898796081543 0.09158369898796081543 0.09158369898796081543 0.09158369898796081543
0.088765732944011688232 0.089689359068870544434 0.089689359068870544434 0.089689359068870544434 0.089689359068870544434 0.089689359068870544434 0.091769836843013763428 0.091769836843013763428 0.091769836843013763428 0.091769836843013763428 0.091769836843013763428 0.091769836843013763428 0.091186121106147766113 0.091186121106147766113 0.091186121106147766113 0.091186121106147766113 0.091186121106147766113 0.090446658432483673096 0.090446658432483673096 0.090446658432483673096 0.090446658432483673096 0.090446658432483673096 0.090446658432483673096 0.090180546045303344727 0.090180546045303344727 0.090180546045303344727 0.090180546045303344727 0.090180546045303344727 0.090980120003223419189 0.090980120003223419189 0.090980120003223419189 0.090980120003223419189 0.090980120003223419189 0.090980120003223419189 0.09158369898796081543 0.09158369898796081543 0.09158369898796081543 0.09158369898796081543
0.088765732944011688232 0.089689359068870544434 0.089689359068870544434 0.089689359068870544434 0.089689359068870544434 0.089689359068870544434 0.091769836843013763428 0.091769836843013763428 0.091769836843013763428 0.091769836843013763428 0.091769836843013763428 0.091769836843013763428 0.091186121106147766113 0.091186121106147766113 0.091186121106147766113 0.091186121106147766113 0.091186121106147766113 0.090446658432483673096 0.090446658432483673096 0.090446658432483673096 0.090446658432483673096 0.090446658432483673096 0.090446658432483673096 0.090180546045303344727 0.090180546045303344727 0.090180546045303344727 0.090180546045303344727 0.090180546045303344727 0.090980120003223419189 0.090980120003223419189 0.090980120003223419189 0.090980120003223419189 0.090980120003223419189 0.090980120003223419189 0.09158369898796081543 0.09158369898796081543 0.09158369898796081543 0.09158369898796081543
0.088765732944011688232 0.089689359068870544434 0.089689359068870544434 0.089689359068870544434 0.089689359068870544434 0.089689359068870544434 0.091769836843013763428 0.091769836843013763428 0.091769836843013763428 0.091769836843013763428 0.091769836843013763428 0.091769836843013763428 0.091186121106147766113 0.091186121106147766113 0.091186121106147766113 0.091186121106147766113 0.091186121106147766113 0.090446658432483673096 0.090446658432483673096 0.090446658432483673096 0.090446658432483673096 0.090446658432483673096 0.090446658432483673096 0.090180546045303344727 0.090180546045303344727 0.090180546045303344727 0.090180546045303344727 0.090180546045303344727 0.090980120003223419189 0.090980120003223419189 0.090980120003223419189 0.090980120003223419189 0.090980120003223419189 0.090980120003223419189 0.09158369898796081543 0.09158369898796081543 0.09158369898796081543 0.09158369898796081543
